3161508813
3161244617
3161761280
3161805111
3161551314
3161444784
3161617752
3161644437
3161543650
3161911512
3161332626
3161625152
3162208712
3161991650
3162077774
3161493719
3161248629
3161220302
3161987731
3161463643
3161215607
3161956840
3161461423
3161581864
3161484662
3162082269
3162121481
3161793116
3161860500
3161260283
3161841201
3161337230
3161850063
3161527641
3161534478
3161353138
3162063944
3161622828
3162110616
3161914513
3161670161
3161338945
3161681717
3162063529
3161930536
3161295975
3161917195
3161656082
3162087515
3161704540
3161625104
3161730053
3161484494
3161451300
3161968758
3161511565
3161850609
3161531299
3161444452
3161654598
3161882914
3161549673
3161536857
3161909281
3161939086
3161555781
3161847066
3161346265
3161602538
3162122227
3161653031
3161843709
3161500726
3161527301
3162060605
3161973173
3161750788
3161816720
3162110278
3162086877
3161383775
3161817464
3161688799
3161321797
3162121479
3161691059
3162117664
3161378806
3161674734
3161257027
3161423820
3161685420
3161502119
3161484207
3161793412
3162130983
3162063925
3161293114
3161393765
3161423376
3161400438
3161791152
3161703985
3161540012
3161656898
3161334673
3161955848
3161350305
3161988142
3161575007
3161546254
3161596777
3161238182
3161864988
3161647570
3161525620
3161877737
3161323391
3161339676
3161813862
3161534815
3161322789
3161407464
3162116993
3161991045
3161965106
3162085178
3161936220
3161972771
3161613443
3161786674
3161330518
3162062634
3161562602
3161968619
3161998374
3161313986
3161844469
3161737502
3161484877
3161986201
3161929207
3161332656
3161303048
3161708089
3161454191
3162133451
3162202280
3161424987
3161398744
3161842669
3161884113
3161347202
3161429081
3161795624
3161752307
3161993598
3161526872
3161940534
3161899559
3161874958
3161373981
3161981786
3161417580
3161677535
3161616963
3161999044
3161294054
3161948137
3161472371
3161628331
3161467172
3161607416
3161469186
3161878241
3162206302
3162062458
3161691738
3162115354
3161769895
3162100514
3161366782
3161669525
3161387030
3161611033
3161903962
3161685248
3161522809
3161315052
3161394081
3161478343
3161395991
3161576802
3161978693
3161896083
3161252391
3161533990
3161344999
3161673023
3161212712
3161894567
3162135127
3162083800
3161776049
3161630500
3161800372
3161532295
3161489251
3162123474
3161511813
3162205691
3162206430
3161917563
3162209729
3161521695
3161311124
3161692897
3161669581
3161864643
3161520945
3161544858
3161458533
3161564334
3162117655
3161361016
3162076364
3162120232
3161944208
3162129111
3161957345
3161335352
3161787428
3161602359
3162069170
3161449257
3161500068
3161306295
3161800973
3161582115
3161764352
3161367647
3161210683
3161641245
3161815372
3161231139
3161839303
3161583822
3161637393
3161732022
3161424922
3161319414
3161647636
3161259261
3161683776
3161983536
3161420546
3161953321
3161773950
3161409169
3161226763
3161305022
3161470165
3161344064
3161694230
3161965485
3161923936
3161893333
3161602099
3161244752
3161496695
3161886838
3161575174
3161687059
3161462721
3161838044
3161974006
3161371971
3161318996
3161540013
3161668025
3161565715
3161643669
3162128734
3161211989
3161357990
3161577893
3161717491
3161392670
3161239998
3161789809
3161698203
3161527854
3161900160
3161282685
3161939454
3161434218
3161813878
3161578890
3161421991
3162085977
3161695056
3161894069
3161321336
3161529905
3161344982
3161491258
3161894938
3161353668
3161318612
3161221594
3162118399
3161465378
3161690794
3161247438
3161907596
3161796355
3161990496
3161740368
3161471852
3161382887
3161389207
3161310651
3161462501
3161445900
3161823715
3161877793
3161910255
3161886514
3162129711
3161365890
3161549093
3162113223
3161301845
3161542966
3161495242
3161590892
3161993244
3161498716
3161466348
3161949767
3161324979
3161811119
3162122682
3162121965
3162088855
3161993487
3162203115
3161348332
3161490392
3162114482
3161716369
3161635424
3162204136
3161334921
3161621357
3161825895
3161593292
3161313749
3162201051
3161796552
3161974329
3161619258
3161461162
3161960252
3162127699
3161218530
3161818005
3161360976
3161998603
3161556967
3161249201
3161802341
3161621661
3161633849
3161758256
3161864746
3161339840
3161374146
3161845099
3162113480
3161609768
3161613995
3161646791
3161251900
3162088599
3161532605
3161980214
3161596588
3161921805
3161550689
3161523101
3161896867
3161795231
3161859867
3161570530
3161931744
3161603182
3161634292
3161946510
3161853328
3162068448
3161792531
3162085220
3161781116
3161475744
3161590285
3161385470
3161505031
3161521893
3162074140
3161668428
3161877868
3161597545
3161365332
3161981112
3161570503
3161345517
3161498662
3161776696
3161682573
3161472941
3161900383
3162115364
3161575752
3161643066
3161512417
3161238167
3161645191
3161769721
3161508970
3161926811
3161617595
3161562424
3161682195
3161355560
3161669507
3161514687
3161600789
3161931739
3161691860
3162072162
3162084113
3161479367
3161994031
3161570350
3161933711
3161672128
3161561198
3161275754
3162116894
3161655172
3161322995
3161403619
3161580213
3161587312
3161416003
3162123978
3161820040
3161684801
3161885281
3161856145
3161870605
3161732226
3161591346
3161408800
3161899644
3161349022
3161814244
3161628242
3161442123
3161560231
3161825642
3161386698
3161423837
3161811800
3161924950
3161450604
3161944289
3161982553
3162072603
3161683112
3161435425
3161688612
3161841534
3162070634
3161262283
3161858706
3161399880
3161732612
3162118604
3161517909
3161940388
3161969243
3161655420
3161412771
3161725148
3162200550
3162065499
3161555928
3162123768
3162065650
3161549411
3161556328
3162082378
3161525235
3161329771
3161780558
3161444113
3161603886
3161767621
3161281042
3161456491
3161895936
3161827926
3161452636
3161288823
3161328698
3161449638
3162133599
3161577774
3161618489
3161360129
3161408146
3161238978
3161287928
3161707343
3161638891
3161280526
3161618900
3162066135
3161380613
3161897061
3161639242
3161453642
3161557547
3161958153
3161811475
3161528077
3161637468
3161422134
3161690874
3162089155
3161248152
3162208040
3161375498
3161478999
3161395233
3161490863
3161988532
3161468017
3161222686
3161592296
3161654225
3161511221
3161445744
3161221344
3161378275
3161499294
3161983512
3161815912
3161724556
3161677371
3161965217
3161390606
3162130521
3161560167
3161373943
3161387263
3161300443
3161501177
3161773785
3162111635
3161968878
3162085263
3161322632
3161438216
3161979773
3161807753
3161419242
3161517337
3161711076
3161416482
3161818317
3161830328
3161833618
3161476587
3161911380
3161483348
3161633291
3161793018
3161375514
3161844295
3162083754
3161640871
3161373745
3162084390
3162128210
3162136793
3161407902
3162126617
3161958012
3162120062
3162206794
3161224961
3161581747
3161496331
3161818630
3161959772
3161647587
3161987350
3161857610
3161926949
3161854133
3161873805
3161594234
3161668917
3161968370
3161308795
3161584373
3161837141
3161912808
3162074147
3162119363
3162124214
3161979539
3161297269
3161902026
3162076620
3161504120
3161387364
3161953961
3161247719
3161492935
3161219633
3161811995
3161775166
3161594345
3161809089
3161431355
3161332356
3161825632
3161665624
3161486188
3161660613
3161469331
3161222555
3161555653
3161245924
3161436794
3161489263
3161952077
3161874983
3161787460
3162127187
3161836232
3161585632
3162126762
3161809755
3162121026
3162100289
3161616570
3161438425
3161594627
3161263560
3161871394
3161911382
3162086951
3161406862
3162060081
3161441057
3161254312
3161643342
3161511687
3161719920
3161362716
3161520577
3161354571
3161466587
3161822294
3161637125
3161277512
3161547476
3161784014
3161405411
3161719407
3161250848
3161433509
3162084988
3161858660
3162078637
3161575484
3161440452
3161353845
3161768361
3161667349
3161601410
3161391884
3161625476
3161478698
3161700326
3161465961
3161956835
3161955148
3161329217
3161613375
3161234510
3161410599
3161956757
3161226707
3161610216
3161574623
3161873442
3161385050
3161695833
3161990272
3161231727
3161632755
3162076865
3162077013
3161366798
3161345593
3161333346
3161878309
3162078557
3161292157
3161270375
3161423515
3161459949
3161634925
3161801133
3161963930
3161467601
3161720948
3161899163
3161938960
3161644777
3161780246
3161365724
3161712042
3161926823
3162136196
3161384711
3161523494
3161230401
3161508166
3161413140
3161669227
3161957166
3161310589
3161858822
3161686800
3161986290
3161683642
3161631324
3161567140
3162050091
3161437363
3161701097
3162128275
3161587415
3161470250
3161709968
3161635698
3161946642
3161980515
3161454716
3161922787
3162117456
3161604168
3161991531
3161512811
3161544997
3161630056
3161735110
3161955049
3161738886
3161507604
3161294872
3161212150
3161381291
3161514712
3161944901
3161376827
3161349640
3161250002
3161336595
3161510190
3162117117
3161462122
3161490417
3162208431
3161561913
3161572178
3161223563
3161855419
3161909820
3161406265
3161934964
3161477773
3161617050
3162200979
3161601814
3161687431
3161778344
3161899064
3161392083
3162110816
3161513965
3161411932
3161984320
3162207737
3161240585
3161341168
3161709377
3161337885
3162079031
3161579971
3161396887
3161284426
3161946826
3161820047
3161708621
3162131415
3162079826
3162060937
3161657309
3161766947
3161340974
3161336663
3162079210
3161431851
3161853552
3161257503
3161665027
3161781267
3161249156
3161276092
3161779411
3162085512
3161897122
3161418333
3161977693
3161556795
3161535653
3161377774
3161849666
3161497891
3161513366
3161263333
3161561974
3162068073
3161631453
3161568481
3161840714
3161221478
3161836883
3161969558
3161448117
3161795906
3161829225
3161548801
3161699142
3161920300
3161918250
3161655409
3161703144
3161938688
3161817322
3161720931
3162114567
3161545566
3162067070
3161587504
3161434165
3161489012
3161491949
3161968888
3161785373
3161669547
3161774126
3161651502
3162111767
3161401227
3161323289
3161921691
3161683271
3161582288
3161226759
3161605863
3161318539
3161432376
3161912766
3162120389
3161430809
3162100205
3162067850
3162086586
3161793298
3161716798
3161370620
3161859025
3161854093
3161396448
3161621657
3161426538
3161524355
3162206513
3162061095
3161578554
3161243107
3161606420
3161294851
3161312019
3161384799
3161801482
3161960392
3161350994
3161499840
3162200920
3161750091
3162202381
3161913565
3161749661
3162065534
3161750668
3161955984
3162200141
3161340768
3161316058
3161990905
3161675724
3161907788
3162088617
3161624436
3161635841
3161303029
3161811988
3162088910
3161706903
3161487911
3161452616
3161942020
3162082291
3161897416
3161257925
3161687599
3161849208
3161901104
3161929602
3161447589
3161545943
3161601691
3161569931
3161474440
3161346120
3162065864
3161405057
3161633335
3161336018
3161289864
3161760242
3161759907
3161462128
3161551476
3161574652
3161990898
3161821237
3162075468
3161786991
3161685456
3161755084
3161376152
3162050003
3161954152
3161538007
3161793088
3161763065
3161565462
3161361234
3161920109
3161483892
3161725424
3161604994
3161781070
3161456187
3161509389
3161685809
3161841520
3161515422
3161932105
3162064254
3161416215
3162119318
3161680012
3161222852
3161427196
3161416865
3162131937
3161506504
3161827380
3161561946
3161671538
3161365498
3161434444
3161212021
3162125469
3161333323
3161359537
3161526974
3161575986
3161640517
3161980977
3161348661
3161486736
3161462077
3161607944
3161559531
3161335561
3161877075
3162082094
3162206404
3162075968
3161489867
3161374890
3161982426
3161238703
3161735352
3162113359
3161708880
3161718786
3161266815
3161788384
3161525317
3161587010
3161713701
3161690549
3161621851
3162067291
3161460774
3161982618
3161620840
3161360235
3161872094
3162086136
3162123280
3161541344
3161211426
3161678942
3161571987
3161912181
3161359288
3162204179
3161374444
3162112717
3162116404
3161707323
3161359863
3161623066
3161498049
3162070507
3161646306
3161877779
3161954463
3161962388
3162135459
3161453474
3161807945
3161299633
3161603298
3161492685
3161258362
3161917272
3161578310
3161895720
3161598598
3161969963
3162067422
3161721862
3161863340
3161355651
3161554109
3161929032
3161569789
3161999740
3161790450
3161930750
3161564820
3162208401
3161868360
3161795948
3161471180
3161373439
3162135117
3161210007
3161321742
3161235541
3161681284
3161736318
3162128347
3161391507
3161895990
3161895245
3161573214
3161695444
3161466017
3161862199
3161861551
3161587286
3161345838
3161550173
3161843620
3162100060
3161560732
3162201852
3161835230
3161956997
3162132662
3161984093
3161272905
3161467294
3162127060
3161985322
3161413164
3161714269
3161880009
3162208668
3162071942
3161462717
3161914875
3161681460
3161436159
3161706254
3161511983
3162124299
3161776344
3161916330
3161620825
3161621789
3161343995
3161540244
3161455655
3161868319
3161829941
3161549827
3161465678
3162084295
3161496782
3161244813
3161903225
3162133386
3161284923
3162206788
3161975763
3162085639
3161575685
3162205997
3161315516
3161637390
3161766738
3161331628
3161672312
3162073626
3161745707
3161585973
3161930991
3161500009
3161701625
3161901311
3162200688
3162205234
3161557294
3162061399
3161625272
3161547685
3161446933
3162086030
3161408776
3161902993
3162126023
3161978143
3161235155
3161531049
3161890165
3161598450
3161517125
3161597023
3161389089
3161692936
3161846130
3161981104
3161465950
3162060956
3161512822
3161965579
3161975843
3161252423
3161778865
3161489079
3162110237
3161955938
3161572906
3161808219
3161935332
3161451455
3161422078
3162202271
3161943572
3161631538
3161751862
3161858330
3161533076
3161788368
3161367649
3161556456
3161887466
3161753940
3161362648
3161378903
3161936803
3161860237
3161934768
3161704782
3162128968
3161561681
3161686822
3161558619
3161385739
3161434293
3161995262
3161587297
3161569497
3161250808
3161819082
3162089748
3162132641
3161751297
3161566187
3161858705
3161554467
3161499526
3161758535
3161900741
3161436020
3161593450
3161559377
3161801515
3161451493
3161863441
3161382526
3161695759
3161313994
3161802541
3161939663
3161942735
3161264108
3161705098
3161226445
3161458553
3161785264
3161745804
3161766076
3161835468
3161313762
3161310160
3161490531
3161326107
3161282006
3161627502
3161231505
3161278811
3161324615
3162066602
3162116200
3161742896
3161946096
3161540588
3161572543
3161736141
3161586668
3161457998
3161603784
3161901446
3161677926
3161990688
3161936811
3162073532
3161825082
3162110059
3161756804
3161604216
3161412761
3161570205
3161349543
3161487994
3161435224
3161605284
3161622677
3161541622
3161807662
3161347542
3161435108
3161485056
3161766504
3162118073
3161997953
3161828199
3161444498
3161580033
3161316922
3161954605
3161681304
3161815439
3161493286
3162203196
3162123372
3161291226
3162118040
3161677707
3162209438
3161596410
3161336602
3161358676
3161951137
3161473732
3162061744
3161485919
3161338579
3161892190
3161282168
3161566234
3161267802
3161619595
3162119275
3161257779
3161567751
3162208627
3161355331
3161782693
3162118529
3162089687
3161673731
3161540427
3161636885
3162069232
3161309714
3161568984
3161777721
3161522881
3161725750
3161758548
3161835582
3161422465
3162200040
3161624285
3161371359
3161503185
3161364428
3161307440
3161383305
3161575405
3162116904
3161438735
3162119315
3161527146
3161399556
3161656543
3161605158
3161298294
3161800738
3161596767
3162134997
3161554002
3161395348
3161381065
3161575000
3161481935
3161822146
3161512132
3161776462
3161415722
3161493629
3161496543
3161854396
3161340080
3162082422
3161219910
3162120923
3161670411
3161325810
3162122323
3161833310
3161409323
3161981103
3161412190
3161245249
3161698304
3161532405
3161539738
3161698549
3161948199
3161290675
3161693407
3161690483
3161903564
3161557111
3161589148
3161919982
3161906056
3161417951
3161232570
3161897934
3161217115
3161239035
3161815207
3162067928
3161244130
3161302826
3161798810
3162068688
3161770977
3162078471
3161702299
3161776601
3161354420
3161398325
3161451220
3161303571
3161714850
3161296105
3161417056
3161555538
3161784325
3161536885
3161276211
3161648762
3161216976
3161921781
3162122659
3161884585
3161231496
3161608086
3161348942
3161222848
3162200671
3161568047
3161995333
3161691737
3161828499
3161957852
3161607506
3162168985
3161723467
3161397403
3161820000
3161855748
3161590697
3161503561
3161325933
3161428938
3161376203
3161865678
3161526871
3162129587
3161343939
3162204606
3161310640
3161237712
3161999009
3161991335
3161499586
3161677971
3161516991
3162201466
3162118171
3161572666
3161568917
3161983080
3161332368
3161680082
3161358657
3161485985
3161642681
3162122501
3161556118
3161901381
3162063602
3162118870
3161589170
3161400284
3161267528
3161319796
3161343569
3161339085
3161216623
3161881203
3161602929
3162124242
3162066236
3161643771
3162119395
3161895153
3161634654
3161828518
3162115574
3162134728
3161942086
3161910672
3161707043
3162134161
3161635982
3161992666
3161372452
3161399329
3162086645
3161290662
3161530753
3161796265
3161825745
3161955634
3161515803
3161543804
3162100053
3161271897
3161874897
3161239787
3161907014
3161830011
3161522390
3161306851
3161609380
3161300948
3161321326
3161306300
3161365354
3161274649
3161728630
3162100500
3161710271
3162208746
3161799879
3162060489
3161421686
3161462325
3161787664
3161441419
3161411387
3161725321
3161419825
3161885662
3161396569
3161944206
3162076709
3161344169
3161358740
3161540995
3161498161
3161958794
3161431167
3161682020
3161624369
3161932695
3161509427
3161214617
3161461667
3161628250
3161348346
3161537367
3161590695
3161925401
3161658004
3161819571
3161508481
3162133811
3161361449
3161876084
3161807081
3161539210
3162132440
3162071007
3161536515
3162115061
3161793996
3161506585
3161876780
3161956740
3161508044
3161946590
3161680067
3161870706
3161759946
3161920010
3161758505
3161893030
3161382878
3162066730
3162069401
3162064557
3161681429
3161800323
3161830837
3161829044
3161472524
3161345892
3161283291
3161884310
3162083249
3161795604
3161821000
3161621175
3161472821
3161220444
3161303131
3161844182
3161430626
3161343118
3161569383
3161561514
3161963746
3161733729
3161757811
3161576578
3161542681
3161720821
3161776060
3161672123
3161637652
3161942283
3161636319
3161603847
3161651557
3161992865
3161291362
3161457725
3161779754
3161744605
3161662753
3162206097
3161504113
3161444470
3161321385
3161850046
3161612993
3161409456
3161630224
3161682050
3161991208
3161360899
3161994426
3161748717
3161914769
3162071419
3162120044
3162201656
3161381205
3161349113
3161678347
3161942923
3161448226
3161340772
3161944029
3161409121
3161223674
3162069396
3162062219
3161545220
3162119837
3161998306
3161767611
3161797530
3161259083
3161452332
3161419590
3161982222
3161547113
3161556062
3161391459
3161215374
3161431189
3161244139
3161511139
3161293229
3161973781
3161254286
3161560303
3161713299
3161983127
3161794077
3161630292
3161938032
3162061336
3161262140
3161470090
3161666591
3161480009
3161334992
3161397352
3161234646
3162117620
3161903573
3161764759
3162168216
3161782229
3161386929
3161336198
3161671941
3162086595
3161600606
3161798452
3161942939
3162085873
3162061544
3161833426
3161286582
3161732789
3161781827
3161399909
3161858789
3161224399
3161333389
3161322477
3161800761
3161562604
3161331093
3161949720
3161990012
3161477616
3161226567
3161661535
3161487087
3161625729
3161303851
3161587264
3161946658
3161300063
3161871341
3161962787
3161917956
3161473679
3161821059
3161998143
3161737926
3161882153
3161215789
3161406473
3161975334
3161565201
3161497962
3161699930
3161740793
3161882289
3161881062
3161632633
3162135099
3162205166
3161825485
3162202103
3161315859
3161495057
3162209159
3161614991
3162077575
3161834788
3161537878
3161442998
3161684726
3161556000
3161846244
3161347084
3161354286
3161638090
3161361535
3162132696
3161826534
3161790845
3161669521
3161611325
3161715368
3161582093
3162069261
3161876660
3161774094
3161485773
3161455763
3161275452
3162110790
3161345585
3162089895
3161968635
3161914952
3161370016
3161716914
3162209475
3161445411
3161582222
3161820633
3161672593
3161827670
3161599769
3162204861
3161673013
3161635343
3161989618
3161519579
3161527503
3161507994
3162122845
3161634835
3161732427
3161342767
3161359906
3161775905
3161927531
3161496090
3161884122
3162116520
3161851198
3161993173
3161380794
3161683632
3161656610
3161945919
3162082837
3161307873
3161838430
3162117716
3161805913
3161566928
3161351445
3161819714
3161505001
3161501894
3161458390
3161271719
3161580000
3161298337
3161986958
3161950580
3161589143
3161440570
3161692283
3161756098
3161988836
3161233738
3161429504
3161770386
3161947464
3162126710
3161454026
3161991187
3161321771
3162071233
3161815271
3161804900
3162200763
3161572837
3161360149
3161542775
3161923914
3161776076
3161506892
3161388885
3161912228
3161401017
3161577641
3161458682
3161702338
3161601462
3161800931
3161813574
3161993478
3161969681
3161427305
3161660073
3161328663
3161438499
3161706385
3161734513
3161224703
3161312511
3162086275
3161772222
3161532014
3162128358
3161618788
3161891636
3162202146
3161990162
3161936666
3161883671
3161559626
3161702088
3161820386
3161960079
3161737707
3161660975
3161388615
3161379664
3161357396
3161505265
3161882420
3161576168
3161468047
3161349755
3161916910
3161404916
3161868668
3162130821
3161443870
3161923372
3162127415
3161234937
3161431452
3161222914
3161769597
3161296810
3161551216
3162082007
3161710131
3161334847
3161780812
3161925177
3161367460
3161611329
3162129887
3161325348
3161772015
3162085199
3161458783
3161555515
3162205692
3161587062
3161397416
3162082651
3161261131
3161352201
3161697072
3161979573
3161653752
3161379453
3161737687
3161617611
3162087643
3161239460
3161232795
3162121318
3161674390
3161504663
3161600277
3162200080
3161938417
3161813412
3161351224
3161867192
3161366766
3161276528
3161386470
3161622273
3161770630
3161990642
3161600536
3161316860
3162111278
3162076659
3161371364
3161503908
3161238700
3161574175
3161439969
3161458467
3162081555
3161760263
3161527591
3161794549
3161581743
3161308723
3162110889
3161565917
3161792837
3161620259
3162132596
3161557094
3161314793
3161631644
3162131209
3161509030
3161505023
3161481294
3161536650
3161291436
3161507673
3161605940
3161973631
3161662425
3161922249
3161433821
3161493343
3161533180
3161656485
3161729652
3161569918
3161617681
3161238085
3161761541
3161534499
3162064055
3161876559
3161954166
3161810696
3162100192
3161499245
3161726952
3162074811
3161555661
3161972370
3161425555
3161976043
3161292422
3161419235
3161385457
3161669973
3161768447
3161316647
3161900682
3161487845
3161415149
3161502679
3161837654
3161857715
3162117036
3161701713
3161738305
3161525461
3161317582
3161652589
3161494794
3162111844
3161919034
3161884909
3162072720
3161672621
3161375075
3162070832
3161882828
3161863313
3161580078
3161360722
3161632007
3161899817
3161973063
3161369950
3161298643
3161342236
3162204591
3161966492
3161355642
3161857939
3161267229
3161785393
3161303275
3161484968
3161344516
3161392423
3161965484
3161556750
3161280711
3161299861
3161943754
3161569075
3161999008
3161565367
3161249683
3162071803
3161772042
3161300537
3161635035
3161398770
3161757940
3161790647
3161300667
3161920119
3162117359
3161230822
3161646720
3161271577
3161640380
3161230985
3162072485
3161996317
3161954140
3161362008
3161733204
3161887182
3161785018
3161997100
3161225521
3161582469
3161516507
3161980113
3161215113
3161461912
3162115592
3161651070
3161845074
3161317352
3161368883
3161212710
3161633180
3161958665
3162063532
3162088552
3161879956
3161418584
3161956195
3161307797
3161706665
3161943748
3161677491
3161551274
3161746800
3161432113
3161848472
3161372223
3162067888
3162125710
3161428250
3161347864
3161814892
3161765313
3161430414
3161226036
3161239923
3161497653
3161931313
3161847777
3161517094
3161849097
3161525790
3162120565
3161406072
3161723340
3161994582
3161695966
3161750583
3161342324
3161653104
3161222910
3161306637
3161395930
3161739704
3162124043
3161681029
3161960454
3162086535
3161420537
3161586386
3162120852
3161513084
3162122068
3161458465
3161831618
3161554773
3161963993
3161432830
3161780344
3161321768
3161617737
3162075700
3161842798
3161465154
3161741575
3161400338
3161894331
3161333364
3161774976
3161476560
3161923377
3161981060
3161950410
3161271243
3161218554
3161916328
3161467275
3162114356
3161560075
3162203520
3161423792
3161519871
3161755393
3161389045
3161749021
3161319879
3161353117
3161502813
3162082127
3161659103
3161306849
3161895277
3161817999
3161794680
3161509901
3161905062
3161994136
3161630857
3161782317
3161894574
3161812948
3161383934
3161600567
3161645458
3161316888
3162117532
3161814512
3161693393
3162082431
3161410437
3161704231
3161848875
3161317319
3161467643
3161783380
3161523761
3162134137
3161565532
3161683261
3162124606
3162126081
3161756169
3161505802
3161597559
3161981731
3161452880
3161217787
3161521457
3161333354
3161360956
3162204182
3161410635
3161374417
3161369174
3161300001
3161259920
3161312700
3162209756
3161387936
3161923754
3161941919
3161879818
3161743508
3161556691
3161991393
3161562283
3161641657
3161466078
3161579936
3161727200
3161718634
3161410215
3161833302
3161538055
3161687848
3161452010
3161280559
3161946325
3162120670
3161573637
3161230332
3161404809
3161486869
3161397115
3161781586
3161505662
3161599595
3161667214
3161238054
3161377800
3161807267
3161579926
3161878020
3161693320
3161963118
3161513930
3161794387
3161978781
3162168208
3161313404
3161527120
3162122686
3161790223
3162061170
3161969898
3161362640
3161608110
3161744442
3161300553
3161917966
3161860160
3162112018
3161952663
3161460131
3161402411
3161802019
3161441948
3161967916
3161994574
3161448665
3161485230
3161729471
3161775716
3161589909
3161331611
3161861545
3161732624
3161826449
3161522385
3161540999
3162118333
3161965928
3161960666
3161496351
3161220432
3161386343
3161795102
3161962840
3161308623
3161539670
3161767086
3161641601
3161634029
3161569913
3161992673
3161575343
3161722350
3161506690
3162204587
3161264761
3161372510
3161429172
3161531161
3161917397
3161565542
3161311064
3161436937
3161353555
3161686324
3161226233
3162067874
3161759392
3161761434
3162064263
3161743957
3161634050
3161706942
3161265649
3161768049
3161354418
3161816450
3161989015
3161337097
3162112465
3161579263
3162203015
3161697270
3161534484
3161323421
3161845321
3161251087
3162115457
3161800346
3161222856
3161387762
3161758416
3161323260
3161717440
3161827141
3161952445
3161575210
3161992522
3161537070
3161405524
3161900737
3161310927
3161856124
3162066685
3162209486
3161980516
3161862685
3161960372
3161591418
3161570489
3161383999
3161378708
3161774256
3161762035
3161268663
3161541501
3161531507
3161774410
3161758144
3161666961
3161727621
3161473247
3161279273
3161819304
3161960138
3161928906
3161647278
3161559882
3161402453
3161508707
3161939719
3162111232
3161488639
3161544364
3161507773
3161596802
3161404141
3161698293
3161831210
3162087407
3162087975
3161858802
3161419718
3161548759
3161358731
3161780308
3161844698
3161566079
3162074037
3161824163
3161385303
3161617675
3161453509
3161312913
3161551319
3161857080
3161811540
3161683717
3161698681
3161425385
3161950255
3161980073
3161319479
3161620216
3161606718
3161500951
3161680316
3161618618
3161690936
3161479151
3161570007
3161455877
3161390358
3161435330
3161513059
3162063979
3161846232
3161700744
3161511405
3161636040
3161583469
3161516055
3161698127
3162113043
3161707136
3161708244
3161561472
3162129014
3161531088
3161881999
3161591525
3161987084
3161811930
3161808969
3162118900
3161814855
3161748812
3161222242
3161455795
3161536264
3161926085
3161455129
3161891747
3161445842
3161572735
3161993857
3161598057
3162063464
3161703721
3161912085
3161255855
3161743030
3161868754
3161693765
3161547641
3161582964
3161601202
3161601720
3161578138
3161281228
3161420586
3161279500
3161973942
3161613581
3161428663
3161307313
3161388976
3161454643
3162124188
3162207414
3161603783
3161570429
3161455910
3162168978
3161343834
3161654256
3161910800
3161509575
3161708620
3161551920
3161554305
3161733304
3161456745
3161511153
3162202682
3161293856
3161528060
3161517958
3161749307
3161668369
3161841964
3162200621
3161764060
3162063946
3161562133
3161605567
3161666834
3161554244
3161703001
3162115724
3161955096
3161467038
3161820796
3161634215
3161915570
3161762696
3161256193
3161593558
3161563022
3161982948
3161286075
3161281451
3161742977
3161323222
3161632389
3161539412
3161800094
3161857660
3161213956
3161677089
3161345089
3162201357
3161737650
3161453071
3161772095
3161860097
3161662218
3161355682
3161989549
3161567487
3161498344
3161992366
3161636423
3162202031
3162202029
3162100217
3162205711
3161748185
3161265705
3161498698
3161265437
3161774583
3161492771
3161939900
3161500445
3161262737
3161518380
3161766531
3161764691
3162207715
3161850484
3161449664
3161354701
3162112030
3162063104
3161468610
3161377470
3161681111
3162089631
3161843831
3161231365
3161449198
3161377471
3161293324
3161649771
3162129120
3161892630
3161361043
3161578438
3161789530
3161815610
3161828185
3162132303
3162119231
3162083192
3161223204
3161705880
3162134047
3162128520
3161217727
3161703540
3161652822
3161675295
3161675758
3161355587
3161956141
3162203972
3161851923
3161903953
3161464984
3162131440
3161242298
3161708820
3162130101
3161606394
3161720766
3161399941
3161391466
3161718583
3161318208
3162076551
3161818571
3161210055
3161719570
3161990533
3161450695
3161302000
3161298357
3161656909
3161673745
3161801122
3162112561
3161467114
3162126086
3161640181
3161712510
3161561950
3161593953
3162206956
3161765737
3161760570
3161278193
3161478876
3162134853
3161496288
3161822245
3161440644
3161812079
3161927848
3161306666
3161801674
3161488092
3161456074
3161402543
3161326341
3162134034
3161734373
3161686585
3161825290
3161495747
3161482502
3162200333
3161552746
3161519195
3161780306
3161501971
3161294700
3161824743
3161917832
3161606094
3161574515
3161845676
3161747159
3161291366
3161871998
3161471908
3161822469
3161504394
3161763416
3161265340
3162131688
3161806849
3161858317
3161901453
3162088594
3161960267
3161389225
3162122241
3161557067
3161370992
3162114054
3161560085
3161975813
3161318023
3161969533
3161295213
3161958901
3161668654
3161609409
3162201527
3161243268
3161312116
3161975821
3161562777
3161585785
3161985243
3162124269
3161463839
3161210019
3161310085
3161246293
3161550787
3161701215
3161662101
3161734843
3162083169
3161675568
3161214778
3161412729
3161805209
3161505207
3161786455
3161438468
3161920282
3161727353
3161865362
3161919007
3161477049
3161767387
3161788973
3161441601
3161351600
3161739840
3161250660
3161233059
3161316317
3161768295
3161418225
3161710163
3161678861
3162073606
3161858813
3161243637
3161563452
3161373684
3161306490
3161804978
3161895152
3161293961
3161881796
3161463964
3161922019
3161917617
3161565290
3161711916
3162060879
3161787290
3161600303
3161528690
3161603131
3161572936
3161780315
3161934806
3161912223
3161894914
3161866374
3161335784
3161809971
3161586921
3161702080
3161345770
3161335474
3161495762
3161468722
3162063507
3161302833
3161401107
3162133266
3161426395
3161688330
3161355115
3161381727
3161274648
3161694718
3161848080
3161934933
3161629993
3161634107
3162066844
3161508874
3161754325
3162086788
3161221031
3161866468
3161670372
3161923333
3161934697
3162067965
3161628473
3161624644
3162067046
3161852680
3161682633
3162115044
3161299822
3161638346
3161536642
3161801363
3161846597
3161662895
3162115462
3162070401
3162130049
3161304278
3161575997
3161519622
3161416213
3161216446
3161578161
3161427118
3161692197
3161613379
3161995181
3161670268
3161929048
3161765312
3161896530
3161734519
3161503822
3161822470
3161918664
3162115430
3161546640
3161557102
3161630342
3162110633
3162086941
3161387211
3161221485
3161357961
3161461790
3161303897
3162203058
3161498274
3161979811
3161620767
3161819749
3161344331
3161530519
3161596245
3161253933
3161498487
3161910008
3161353955
3161649555
3161904675
3162077924
3161716111
3161569774
3161777826
3161404629
3161843376
3162112200
3161336360
3161418596
3161794678
3161377869
3162088743
3161511978
3161412764
3161393216
3161376199
3161547256
3161552835
3161513945
3161720930
3162113258
3161446809
3161222561
3161679089
3162203443
3161915891
3161380644
3161534036
3161694986
3161929235
3161454541
3161929974
3161609165
3161782474
3161517142
3161586008
3161445802
3161777225
3161581114
3161697428
3162200867
3161306197
3161847123
3161847271
3161896732
3161656797
3161510232
3162118002
3161534747
3161848113
3161397478
3161593928
3161900568
3161334040
3161318887
3161377648
3161829989
3161321724
3161606975
3162062694
3161943822
3161510522
3161306641
3161267034
3161776064
3161323349
3161606859
3162122963
3161631410
3161494248
3161825337
3161606339
3162068043
3161441528
3161956239
3161667870
3161369662
3161382928
3161823190
3161905503
3161395683
3161281944
3161327927
3161252358
3161651459
3161989122
3161316017
3161633387
3161467353
3161250456
3161996904
3161745514
3161311589
3161323880
3161599990
3161591645
3161509003
3161743425
3161970063
3161499211
3161842214
3161428194
3161518842
3161548781
3162136767
3161568529
3161488355
3162078465
3161496185
3161729402
3161439710
3161829732
3161533316
3161854892
3161950186
3162129024
3162125503
3161937714
3161956783
3161449129
3161582783
3161852452
3161428706
3161813836
3162064365
3161364778
3161682780
3161880840
3161548152
3161340123
3161238712
3161880440
3161482607
3161385924
3161450231
3161695252
3161646848
3161370386
3161760935
3161594679
3161539826
3161938670
3161758037
3161299035
3161886102
3161850115
3161228796
3161798852
3162119695
3161314524
3161932634
3161395733
3161994481
3161354268
3161353294
3161601798
3162100510
3162067959
3161542627
3161691433
3161512214
3161319205
3161355595
3162122281
3161334181
3161685883
3161699259
3161606480
3161395995
3161664364
3161861549
3161425730
3161247449
3161722214
3161636857
3161503243
3161887460
3161622258
3161281554
3162115901
3162127255
3161265577
3161853575
3161311915
3161634723
3161919878
3161859778
3161317120
3162132674
3161542874
3161962139
3161947998
3161323210
3161214365
3161931312
3161752649
3161581272
3161314374
3161826382
3161569000
3161657675
3161362196
3161742247
3162086215
3161668646
3161754399
3161694461
3161611757
3161366562
3161887563
3161432796
3161963102
3161629692
3161477922
3161442593
3161480171
3161811121
3161344538
3161518914
3161841992
3162066348
3161551477
3161627158
3161973989
3161967547
3161507366
3161922082
3162208657
3161499677
3161461837
3161333985
3161394964
3161843034
3161242584
3161250049
3161728770
3161454678
3161606267
3161427911
3161560491
3161727235
3161465836
3161425796
3161672730
3162123507
3161441694
3161992963
3161876108
3161283555
3161281055
3162204056
3162203509
3161463656
3161682703
3161290736
3161843380
3161828456
3162124989
3161399497
3161724167
3161568833
3161657872
3161961111
3162061796
3161633093
3161534283
3161584397
3161389202
3161460161
3161966014
3161742205
3161748388
3161357395
3161986043
3162126733
3162122555
3161910876
3161276581
3161562956
3161979338
3161338892
3162117084
3161334723
3161839438
3161755949
3161787648
3161840120
3162077096
3161626709
3161294335
3161529697
3161603049
3161567809
3162209391
3161747895
3161801741
3161548719
3161846368
3161617580
3161896841
3161521564
3161724019
3161664874
3161438097
3161408054
3161471788
3161836217
3161407572
3161355585
3161546290
3161383713
3161986200
3161321973
3161562886
3161350080
3161900707
3161543000
3161569420
3162120333
3161494420
3161841300
3161753355
3161548768
3161388116
3161787864
3161273878
3161236937
3161219015
3161319285
3161900481
3161668147
3161630968
3161604987
3161249768
3161917824
3161965930
3161745721
3161578536
3161948309
3161726013
3161575546
3161483063
3162063653
3161316609
3162082028
3161722944
3161611433
3161943646
3161439825
3161919899
3161882617
3161934967
3161699272
3161557741
3161316224
3161304612
3161746236
3161611429
3161770872
3161979306
3161821020
3161370974
3161853957
3161489318
3161744862
3162131897
3161427520
3161453339
3161439962
3162200520
3161235400
3162071188
3162168029
3161400890
3161675824
3161675094
3162065595
3161499627
3161641660
3162208675
3161763449
3161649574
3161342780
3161767904
3161641820
3161675547
3161540170
3161286107
3162114677
3161783714
3161899697
3161838121
3161765156
3161396062
3161234464
3161322332
3162200638
3161336541
3161659109
3161460367
3161451007
3162067509
3161470817
3161690274
3162124431
3162076121
3161499203
3161452262
3161797692
3161885365
3161327066
3161737733
3161545118
3162111522
3162069131
3161218686
3161755892
3161453860
3161462479
3161755462
3161923554
3161582718
3161210252
3161680183
3161303155
3162074139
3161472354
3161733486
3161666011
3161711553
3161596314
3161551310
3161977870
3161349666
3162119547
3161230540
3161877658
3161457577
3162127164
3161918176
3161818664
3161481849
3161540169
3161551683
3161978112
3161893478
3161640932
3162122434
3161431325
3161533579
3161631913
3161491675
3161712258
3161909275
3161860350
3161994939
3161564847
3161535759
3161386914
3161542979
3161827329
3161780704
3161795713
3161367833
3161323230
3161970070
3161708136
3161519698
3161828619
3161743500
3161318665
3161264223
3161579266
3161596846
3161795639
3161947226
3161622696
3161598197
3161723372
3161951557
3161484170
3161357007
3161839255
3161396541
3161614922
3161797805
3161497921
3161597455
3162066418
3161643455
3161893226
3161916798
3161722626
3161876613
3161364222
3161537724
3161373846
3161387061
3161782948
3161342048
3161318077
3161316847
3161411597
3162131858
3161470614
3161550037
3161557574
3161767293
3161948288
3161653891
3162087427
3161779940
3162115054
3161577658
3161260160
3162072359
3161339624
3162118809
3161969292
3161491653
3161440216
3162077189
3161888860
3161397099
3161521995
3162117975
3161490469
3161251012
3161682560
3161600753
3161671325
3161948981
3161491839
3161734180
3161871529
3161410915
3162110090
3161411596
3161763093
3161730827
3161244291
3161918556
3161344507
3161867498
3161791566
3161353398
3162073986
3161428299
3161976441
3161331040
3161648367
3162083171
3161227237
3161509783
3161538512
3161362292
3161720028
3161680005
3161964389
3162132679
3161351553
3161278163
3161833604
3161616993
3161431332
3161531051
3161826500
3161456309
3161388109
3161424691
3161666551
3161556910
3161504963
3162135535
3161691145
3161794346
3161358242
3161801520
3161525326
3161489865
3161390230
3161286453
3162082201
3161632320
3161576040
3162078145
3161682219
3161460698
3161294905
3161897252
3161524302
3161522365
3161820089
3162200825
3161500014
3161670399
3161502675
3161288835
3161581711
3161395422
3161992968
3161835325
3161451521
3161226297
3161804362
3162114803
3161224099
3161293127
3161319201
3161288792
3161550161
3161752783
3161384622
3162168734
3161916642
3161863511
3161449069
3161332611
3162133845
3161396455
3161303776
3161341134
3161844512
3162117630
3161228511
3161660004
3161837806
3161468350
3161860080
3161713042
3161970208
3161970195
3161614423
3161450916
3161994893
3161372531
3161916270
3162064757
3161623700
3161968903
3161365084
3161311772
3161464905
3161959912
3161955990
3161544018
3162118628
3161662285
3161974439
3161573589
3161340049
3161824269
3161613227
3162062212
3161823311
3161569830
3162123342
3161410895
3161703480
3161389731
3161226854
3161561628
3161983551
3161585418
3162077980
3162202004
3161355506
3161617176
3162201262
3161589760
3161607059
3161365569
3162071770
3161713684
3161470631
3161436943
3161727106
3161759232
3162111761
3161236861
3161831547
3161695224
3161332914
3161602205
3161978161
3161444186
3161215504
3161830138
3161312923
3161282086
3161376202
3161460573
3161314764
3161877072
3162110221
3161240667
3161485815
3161891200
3161741795
3161468155
3162123906
3161754087
3161243700
3161782039
3161349878
3162134837
3161348894
3161396677
3161995935
3161690867
3161389916
3161369806
3161720108
3161330438
3161638933
3161271284
3161491010
3161549036
3162068138
3161611808
3161465610
3161325900
3161727029
3162121960
3161913758
3161801483
3161400407
3162113695
3161700435
3161838232
3161743343
3161675332
3161822290
3161414983
3161909823
3161338560
3162085779
3162136810
3161793079
3161256256
3162131785
3161996054
3161246274
3161465454
3161479324
3161536412
3161854300
3161728982
3161776460
3161475925
3161290968
3162208200
3161573490
3161922986
3161763156
3161315913
3161868657
3161657862
3161716411
3161368749
3161358618
3162100220
3161361225
3162121035
3162089335
3161516533
3161770411
3161281525
3161790772
3161946660
3161978572
3161279697
3161623487
3161840700
3161513155
3161800561
3161689279
3161500270
3161373677
3161707093
3161246970
3161451077
3161450643
3161922095
3161896905
3162206971
3161563026
3161323920
3162118764
3161726347
3162113586
3162121999
3161402519
3161905096
3161493864
3161540404
3161240691
3161935774
3161367576
3161320092
3161720374
3162086119
3161506388
3161991758
3161705970
3161562387
3161421394
3161790431
3161696301
3161426066
3161606890
3161811332
3161557457
3161592781
3162121306
3161427524
3161578706
3161566367
3161438808
3161836425
3161558108
3161813744
3162077166
3161293277
3161628081
3161224546
3161716032
3161983640
3161715849
3161735234
3161268898
3162126987
3161633098
3161511119
3161364068
3161345734
3161278312
3161675058
3162202660
3161991737
3161302309
3162082803
3161470029
3161604236
3161958128
3161999204
3162123006
3161362206
3161393746
3161595180
3161310026
3161484743
3161673954
3161322574
3161907474
3161343827
3161687596
3161938719
3161556669
3161726993
3161881652
3161505918
3161729241
3161578207
3161366287
3162082163
3161974988
3161677375
3161759095
3162083850
3162087819
3161475894
3161345959
3161435524
3161533206
3161241746
3161324386
3161948687
3161371271
3161616352
3161394796
3161210357
3161448496
3162124723
3161787589
3161478883
3162061590
3161986198
3161333027
3161861923
3161914859
3161916121
3161530377
3162084945
3161715525
3161253994
3161981671
3161684762
3161555485
3161519694
3162129174
3161401209
3161945998
3161979759
3161225996
3161833707
3161379411
3161711607
3161379908
3161466248
3161919707
3161628262
3161924065
3161930766
3161805546
3161597833
3161785730
3161389485
3161371346
3162134140
3162070766
3161574325
3161643208
3161484761
3161978568
3161667252
3162082353
3161598888
3161829865
3162110986
3161363878
3161420733
3161702568
3161600722
3161987011
3161922911
3161523589
3161500456
3161465240
3161531430
3162122805
3161282642
3161546488
3161852213
3162117599
3161577825
3161583004
3161795695
3161721993
3161423285
3162117249
3161340055
3162077532
3161444130
3161839707
3161360013
3161676760
3161446093
3161419111
3161969867
3161232145
3161413591
3161280917
3161965435
3161545995
3161498021
3162082297
3161219679
3161769277
3161935277
3162208369
3162134680
3161280582
3161256157
3161801049
3161712246
3162086040
3161850992
3161542787
3161430032
3161588999
3161292641
3161525587
3161877310
3162200087
3161238615
3161931863
3161397454
3161333491
3161546861
3161853805
3161923995
3161355257
3161487735
3161821117
3161652230
3161326286
3161811250
3162114595
3161812662
3161651932
3161420508
3161234568
3161458866
3161254392
3161896800
3161724844
3161500580
3161953930
3161993172
3161656423
3161490410
3161320256
3161302025
3161311924
3161901088
3161941342
3162204488
3162112934
3162112166
3162079740
3161871259
3161218285
3161778822
3161436200
3161813485
3161384998
3161550553
3161514156
3161604202
3162118839
3161570409
3161405843
3161387910
3161900749
3161304276
3162131893
3161275605
3161925134
3161568699
3161408522
3161293272
3161538590
3161436187
3162209733
3161628240
3161308884
3161559574
3161508055
3161514969
3161978246
3161449591
3161856369
3162207531
3161934782
3162111837
3161888529
3161838954
3162075362
3161638653
3161829719
3161366132
3161717633
3161965016
3161766198
3161387667
3161799478
3162131853
3161450298
3161611260
3161446697
3161218975
3161453337
3161671169
3162121345
3161223566
3161556335
3161640654
3161248866
3161820967
3161536328
3161624944
3162070994
3161621600
3162068292
3162134356
3161903540
3161522515
3161718621
3161979720
3161602550
3161885612
3161735060
3161504100
3161748287
3162117541
3161256885
3161904293
3161924953
3161386898
3161503255
3161899420
3161988000
3161416176
3161713992
3162088726
3161713301
3161442823
3161994745
3161349711
3162068618
3161252187
3161497763
3161291008
3161248241
3162201973
3161829436
3161597091
3161212944
3161435767
3162126182
3162111405
3161451422
3161499247
3161930428
3161792182
3161325711
3161931214
3161457881
3161601310
3161560625
3161595947
3161416624
3161309078
3161439568
3161422457
3161286584
3161346916
3161470825
3161798494
3161303286
3161317451
3161910069
3161684491
3161884103
3161663306
3162111770
3161921615
3161421718
3161488124
3162115990
3162083351
3161296984
3161840386
3161595879
3161599973
3161460776
3161966190
3161804365
3161216141
3161231082
3161682848
3161758110
3161355630
3161272033
3161862917
3161519996
3161382107
3162061028
3161636930
3161486151
3161696203
3161299969
3161453272
3161680373
3161250978
3161453242
3161576300
3161227878
3161773753
3161648594
3161587098
3161708418
3161326508
3161761113
3161922351
3161796745
3161267671
3161866819
3161524271
3162060193
3161600004
3162203126
3161404349
3161443241
3161664357
3162121455
3161931740
3161718344
3161420756
3162200201
3161699628
3161926315
3162120571
3161332276
3161547759
3161325200
3161365564
3161611750
3161573600
3161621155
3161632085
3161882967
3161338600
3161578920
3161407642
3161553832
3161826447
3161699979
3161440678
3161475137
3162070653
3161234824
3161480991
3161880227
3162136648
3161905958
3162129157
3161380677
3161529391
3161245182
3162209379
3161526241
3161839698
3161930411
3161447575
3161608512
3161703837
3161422277
3161945301
3161797522
3161438257
3161652056
3161816190
3161752312
3161501256
3161585703
3162120040
3161827333
3161848873
3161377575
3161972170
3161297341
3161483895
3161916845
3161986611
3161715534
3161684061
3162063787
3161838915
3162204174
3161947740
3161828329
3161338509
3161419621
3161669668
3161724169
3161212253
3161744034
3161446567
3161603834
3161540782
3161450664
3161953543
3161963780
3161729394
3162074773
3162066425
3161811619
3162069751
3161769363
3161794244
3161787320
3161867390
3161725387
3161519362
3162070096
3161401414
3161692241
3161741588
3161501915
3161265676
3161232138
3161632159
3162087826
3161684852
3161422509
3161575165
3161662352
3161221857
3161515166
3161604073
3161968041
3161368785
3161456876
3161403269
3161560674
3161531820
3161487082
3161239869
3161375788
3162201429
3162073487
3161922217
3161792840
3161461544
3161573472
3161347977
3161478821
3161414997
3161829221
3161943099
3161967418
3161286831
3161611871
3161641962
3161457686
3161390263
3161620003
3161554360
3161696895
3161502775
3161992838
3161732709
3161991946
3162168474
3161318449
3161644497
3161851029
3161542946
3162062952
3161615555
3161688232
3161846215
3161953967
3161833315
3161264961
3161559630
3161474601
3161842158
3162117521
3161574265
3161760033
3161715281
3161378918
3161963989
3161521022
3161953805
3161586908
3162206195
3161217067
3161652678
3162087436
3161279793
3161645396
3161658601
3161519110
3161753349
3161448674
3161755416
3162060694
3161399394
3161249603
3161742777
3161914537
3161344049
3162077954
3161305017
3161297248
3161748470
3162089617
3161915651
3161906478
3161648318
3161346408
3161332682
3161538794
3161619242
3161993273
3161455809
3162076265
3161275859
3161569436
3161344813
3161358253
3161655907
3161344532
3161873973
3161629187
3161798525
3161579330
3161914326
3161685841
3161842136
3162124712
3161284999
3161694835
3161669549
3161594785
3161427781
3161658019
3162065710
3161600449
3162134685
3161600746
3161733847
3161433911
3161303400
3161539596
3161777517
3161970306
3161873313
3161981551
3161886084
3161749901
3161874004
3161231588
3161614046
3161701459
3161468533
3161438501
3161491797
3161702202
3161897054
3161344917
3161445827
3161990587
3161303135
3161395713
3161849413
3162124247
3161394700
3161220816
3161647094
3161485517
3161441151
3161318925
3161640835
3162110476
3162119713
3161744956
3161707522
3161335984
3161577515
3161484658
3161396525
3161976811
3162126928
3162123647
3161454209
3161845004
3161218229
3161807396
3161593302
3161545585
3161697917
3161647929
3161654959
3161271874
3161853109
3161669076
3161965396
3161655730
3161946121
3161432701
3161637647
3161643768
3161692645
3161835815
3161224432
3162206251
3161668146
3161379197
3161393725
3162086642
3161580756
3161664852
3161814366
3161814968
3161739912
3161601961
3161492707
3161217039
3161956189
3161216328
3162122169
3162087633
3162112429
3161421358
3161942985
3161375949
3161874711
3161824171
3161234592
3161743654
3161523295
3161965466
3161646884
3162115564
3161820501
3161308334
3161653036
3161433656
3161632826
3162111100
3162209023
3162073242
3161301282
3161403446
3161718187
3161672258
3161532377
3161495035
3161443647
3162120962
3161275744
3162119820
3161313940
3161587827
3161798995
3161558823
3161345977
3162115766
3161530329
3161460291
3161303183
3162084947
3161777730
3161762539
3161965613
3162118867
3162088956
3161820018
3161915812
3161793352
3161607747
3161285282
3161534991
3162063669
3161366938
3162070924
3161337026
3161783355
3162123121
3161378898
3161441033
3161449359
3161686346
3161541798
3161479479
3161415719
3161795945
3161883632
3161315594
3161315110
3161881344
3161946665
3161420051
3162201131
3161314789
3161683905
3161615964
3161488859
3161419842
3161662710
3161679151
3161387018
3161877281
3161863845
3161393188
3161356142
3161788648
3161362341
3161441640
3161312451
3161557364
3161604444
3161247904
3161679997
3161288380
3162060047
3162089592
3161240220
3161759338
3161586461
3161498653
3161392286
3161214408
3161816625
3162112213
3161717127
3161519434
3161499707
3161219415
3162074604
3162131062
3161556593
3161300506
3162100113
3161554142
3161577815
3161760665
3161500151
3161603129
3161622142
3161296566
3161420528
3161287261
3161493604
3161429532
3162066731
3161397370
3161244107
3161242883
3161410961
3161404350
3161881708
3162074047
3161662666
3161644533
3161351494
3161507068
3161372635
3162089423
3161742300
3162100204
3162120330
3162168484
3161723845
3161570196
3161821628
3161261857
3161711126
3161948210
3162208166
3161968813
3161292423
3161494915
3161526207
3161569927
3161843756
3161389029
3161828192
3161547679
3161738390
3161595484
3162070205
3161221900
3161995880
3162207111
3161241722
3161571854
3161368628
3161983827
3161374532
3161409539
3161847599
3161783417
3161402237
3161812055
3161800855
3161470215
3161294062
3161918076
3161376667
3161902172
3161775496
3161965437
3161400292
3162123090
3161869916
3161589206
3161541198
3161386146
3161709576
3161682675
3161392601
3161881692
3161257994
3162066535
3161567488
3161546746
3161413998
3161476444
3161717232
3162069140
3162061343
3161480583
3161961595
3161509564
3161842590
3161327433
3161990560
3161877228
3161997479
3161834482
3161612297
3161285401
3161749579
3161890070
3161450551
3161343254
3162066509
3161830815
3161543618
3161607177
3161343099
3161970873
3161329639
3161999134
3161891393
3162079692
3161877102
3162201468
3162079280
3162125592
3161899509
3161771970
3161403457
3161555309
3161404458
3161683235
3161855566
3161344583
3161687696
3161505653
3161872322
3161440639
3162209412
3161794260
3161253936
3161523103
3161463281
3161959310
3161623741
3162089211
3161733152
3161525265
3162067095
3161927287
3162127363
3161672707
3161665995
3161740790
3161416830
3161271098
3161657402
3161239367
3161341244
3162122183
3161502124
3161949012
3162077660
3161825906
3161539300
3161532626
3161567434
3162132159
3161772866
3161268353
3161356146
3162204818
3161988384
3161676164
3161310610
3161246451
3161726821
3161986910
3162078842
3161405627
3161372523
3161888948
3161721464
3161723225
3161531065
3161821308
3161454760
3162061167
3161666340
3161210044
3161217026
3162127644
3161975701
3162085914
3161759565
3162208388
3161583031
3161883087
3161949165
3161213527
3162079617
3161210908
3161489299
3161729083
3161792357
3161690146
3161315764
3161720634
3161883003
3161248459
3161323225
3161331027
3161794055
3161869554
3161467834
3161783039
3161875931
3161569275
3161634381
3161702310
3161839361
3161537786
3161941175
3161969860
3161289390
3161732314
3161719834
3161645032
3161746560
3162135119
3161848332
3161566730
3161762315
3161280841
3162072782
3161903080
3161822694
3161994894
3161605538
3162064753
3161613288
3161233848
3161397756
3161651195
3161439127
3161803417
3162075065
3161251510
3161563795
3161524353
3161827620
3161483114
3161227613
3161682630
3161588225
3161535073
3161435225
3161858280
3162201455
3161954735
3162129743
3161848624
3161708419
3161413056
3161531603
3161615218
3161456571
3161401666
3161488050
3162071705
3161690787
3161870676
3161996325
3161254185
3161636956
3161912902
3161661684
3161549523
3161351622
3161602933
3161559458
3161618657
3161894087
3161294120
3161500077
3162100228
3161558086
3161306288
3161591041
3162079703
3161246220
3161879165
3161491354
3161756549
3162081566
3161398389
3162120890
3161542184
3161618808
3161706860
3162121248
3161429119
3161905866
3161784084
3161800950
3161618524
3162064523
3161911570
3161803236
3161909168
3161513809
3161979492
3161516165
3161963880
3161516224
3162134533
3161443942
3162069753
3161314178
3162078545
3161944919
3161645330
3161217996
3161897007
3161635386
3161898552
3161503789
3161418589
3161240363
3161592650
3161341555
3162070274
3161599545
3161921668
3161935422
3161594214
3161974986
3161292342
3161911633
3161575133
3162129447
3161835565
3161406567
3162119697
3161384091
3161776408
3161550444
3161705921
3161599014
3161721947
3161511028
3161870407
3161879882
3161487409
3161726395
3161804933
3161383243
3161689994
3161880771
3161999023
3161286339
3161704164
3161595856
3161665626
3161942192
3161511011
3161603580
3161918975
3161819456
3161222115
3161706690
3161561492
3161727120
3161913002
3161266531
3161617382
3162066100
3162129830
3162064810
3161427320
3161826829
3161683693
3161381778
3161765965
3161576464
3161666920
3161234236
3161977680
3162111366
3162201251
3161845390
3161797455
3161361000
3162202793
3161500263
3161705825
3161863773
3161656627
3161246431
3162112668
3162202796
3161871920
3161462199
3161583659
3161569634
3161698726
3161562011
3161965568
3161504548
3161344893
3161934464
3161311962
3161373489
3161607233
3161485825
3161329291
3162123597
3161703291
3161816750
3161456127
3161840095
3161853985
3161663850
3161855620
3161318059
3161435859
3161799765
3162208102
3161427464
3161745255
3161698677
3161879590
3161728322
3162075017
3161695920
3162064199
3161811767
3161450131
3162128033
3162113524
3162168952
3161393420
3161808778
3161646325
3161275158
3161589555
3161373411
3161270298
3161412544
3161979768
3162202723
3161586463
3162128250
3161706379
3161410184
3161631081
3161748438
3161247726
3161719594
3161846155
3161937141
3162135643
3161648946
3161841659
3161693985
3161540757
3161726220
3161828678
3161816876
3161222574
3161220415
3161599588
3161670288
3161596956
3161494714
3161242463
3161442566
3161491923
3161466292
3161440305
3161673006
3161630346
3161915578
3161229323
3161669886
3162062491
3161415134
3161377062
3161892482
3161641179
3162130831
3161244205
3161951903
3161358031
3161533029
3161385717
3161952526
3161626592
3161378966
3161317725
3161899579
3162075114
3161570909
3162062573
3161441007
3161770252
3161709958
3161583748
3161315989
3161828845
3161302478
3161931470
3161640062
3161825548
3161836040
3162117033
3162071352
3161372104
3161753871
3161740943
3161749058
3161476920
3161596396
3162076846
3161574050
3161550759
3161318446
3161846804
3161313660
3161527354
3161433493
3161247510
3161836863
3161861816
3161337755
3161317313
3161962995
3161335016
3162207311
3161689536
3161749818
3161372795
3161263221
3161941775
3161634669
3161908107
3161359291
3161332410
3161265858
3162113585
3161626994
3161295043
3161522483
3161314549
3161607779
3162063460
3161437974
3161620639
3161576510
3161348074
3161563427
3161511152
3161610250
3161778564
3161933150
3161591237
3161370892
3161552597
3161703233
3161885946
3161653957
3161426391
3161560121
3161559408
3161417695
3161588287
3161504250
3162122195
3161461977
3161365295
3161529666
3161239386
3161829028
3161808852
3161924838
3161656185
3161610189
3161416619
3161598750
3161727777
3161420657
3161639395
3161758646
3162083662
3161866775
3161573645
3161705822
3161421273
3161315410
3161449248
3161852327
3161264183
3161538685
3161461554
3161340117
3161614468
3161570787
3162205485
3162074908
3161470456
3161746659
3161469148
3161767168
3161804177
3162114287
3162136318
3161569860
3161291626
3161904390
3162168281
3162073134
3161428575
3161920361
3161678996
3161592020
3161627854
3161708406
3161310511
3162117509
3161325205
3161594736
3161783212
3161723796
3161645840
3162061732
3162134189
3161915898
3162067882
3161285687
3161514997
3161723838
3161848244
3161333447
3161824674
3161392136
3161949682
3161537728
3162134409
3161606888
3161747368
3162118197
3161862084
3162126968
3162206101
3161683428
3161307087
3161547743
3162062228
3161489940
3161286146
3161547170
3161789957
3162061220
3161885933
3161351578
3161995894
3161242353
3162074420
3161750268
3161552688
3161244575
3161968572
3161341793
3161775787
3161560656
3161853655
3161488512
3161540810
3161933866
3161366334
3161815551
3161990833
3161464386
3161636565
3161730101
3161681003
3161452205
3162205191
3161602204
3161660006
3161342233
3161568384
3162070687
3161780846
3161626282
3162112629
3161667113
3161724406
3161450548
3161463805
3161378005
3161681485
3162202394
3161567844
3161790557
3161567799
3161561949
3161597814
3161502952
3162168610
3162083679
3161454901
3161526033
3161867355
3161874200
3161383937
3161849275
3161355641
3161776044
3161599351
3161751781
3161467176
3161978802
3161773835
3161280289
3161460110
3161935372
3161822670
3161985844
3161969072
3161996583
3161924896
3161945977
3161663986
3161387845
3161895319
3161264803
3161340983
3161942810
3161672146
3161619109
3161856863
3161998022
3161222684
3161583272
3161490065
3161438477
3161961454
3161621404
3161681123
3161483482
3161898440
3161693037
3162100201
3161714848
3161716498
3161952538
3161817023
3162116991
3162060797
3161423205
3161468126
3162134478
3161228066
3161757362
3162124272
3161616626
3161631926
3161937638
3162076235
3162067794
3161420636
3161795139
3161496380
3161591996
3162100126
3161606045
3161303473
3161468379
3161350007
3161870662
3161418702
3161772359
3161677606
3161544801
3161221341
3161560889
3161637605
3162112906
3161809553
3161561148
3161677700
3162064967
3161251278
3161423045
3161749836
3161950996
3161488470
3161803834
3161822922
3161673200
3161827421
3161578130
3161320909
3161910547
3162128433
3161690546
3161496311
3161467341
3161889456
3161418405
3161471154
3161300519
3162134528
3161284669
3161335007
3161915001
3161615173
3161997722
3162112495
3161853986
3161570455
3161398334
3161913264
3162064912
3161575716
3161778842
3161530022
3161603474
3161846946
3161955787
3161373833
3161719916
3161225917
3162070775
3161803324
3161983985
3161963549
3161974314
3161213584
3161978746
3162074197
3161360687
3161631095
3161537363
3161413048
3162083011
3161653211
3161396490
3161566624
3161648745
3161425100
3161727862
3161923833
3161328076
3161446554
3161703941
3161424100
3161933335
3161475537
3161616681
3161605516
3161561180
3161540790
3162128979
3161693332
3161344319
3161403085
3161866598
3161799383
3161508298
3161552852
3161604760
3161704468
3161688916
3161431894
3161991194
3161892542
3161401284
3161559166
3161379628
3161580386
3161835553
3161532580
3161373888
3161345133
3161579740
3162062103
3161383463
3161790433
3161275755
3161364677
3161756728
3161770934
3161647720
3162063903
3161473084
3161361111
3161694793
3161891014
3161525580
3161657847
3161708489
3161485365
3161990196
3161362244
3162116569
3162131754
3161443805
3162129237
3161926200
3161834102
3161839728
3161365859
3161926493
3161351633
3161588975
3161859952
3161568277
3162208099
3161293441
3161384102
3161813886
3162130334
3161751727
3162114886
3161889273
3161971111
3161801451
3161411997
3161947907
3162209370
3161761804
3161952068
3161578469
3161656582
3161487416
3161714842
3161555896
3161998137
3162088841
3161452293
3161513097
3161951579
3161446086
3161768579
3161476764
3161403838
3161716183
3161911036
3162128616
3161841541
3161832192
3161248966
3161555664
3161835274
3161826033
3161434314
3161247837
3161254960
3161261314
3161820713
3162110649
3161883292
3161998409
3161872331
3161565680
3161862845
3161537353
3162133425
3161389941
3161803594
3161829094
3161812508
3161580881
3161819357
3161854132
3161581318
3161860924
3161481808
3161487016
3162074627
3161425992
3161259765
3161323228
3161495904
3161500158
3161664647
3162127481
3161260955
3161377073
3161523127
3161917881
3162067276
3161918507
3161439512
3161678649
3161909232
3161429909
3161218165
3161757555
3161337070
3161416815
3161768748
3161522902
3161459759
3162119738
3161853165
3161663844
3162070561
3161516270
3161630839
3161866688
3161986595
3161330240
3162078702
3161340252
3161791562
3161271580
3161435756
3162087247
3161601009
3161622323
3161532363
3161315676
3162202170
3162087301
3161452203
3161305536
3161412752
3161211718
3161750687
3161826492
3161590314
3161555260
3161814318
3161757093
3161617918
3161937181
3161395830
3161522224
3161347021
3161312827
3161323318
3161758422
3161472591
3161830610
3161931781
3162202838
3161958072
3161312230
3161644026
3161306141
3161761038
3161359729
3162086288
3161846505
3161516264
3161967857
3162085970
3161337010
3162087072
3162115797
3162061999
3161283112
3161686587
3161897290
3162076561
3161367820
3162204284
3161781810
3161322079
3161519001
3161382981
3161829755
3161581122
3161464641
3161991026
3161432304
3161745732
3161453936
3162128485
3161379179
3161901232
3161546795
3161284750
3161307464
3161320630
3161473061
3161372198
3161602726
3161436883
3161427312
3162203268
3161590015
3161271749
3161453504
3161960020
3161238449
3161677894
3161252627
3161462118
3161660993
3161983615
3161589153
3161772628
3161516513
3161387698
3161771490
3161460315
3162203925
3161320488
3161427227
3161282193
3161972657
3161896653
3161546259
3161861107
3162202951
3161829595
3161250449
3162135534
3161670021
3161343352
3162132620
3161706374
3161248097
3161732313
3161843880
3161445914
3161694426
3161551363
3161211990
3161455422
3161491505
3161274043
3161517746
3161349682
3161326976
3161727321
3161586574
3161907938
3161914359
3161343580
3161482062
3161390938
3161399922
3161685186
3161638816
3161758687
3161559182
3161590553
3161652767
3161928389
3161582435
3161949394
3161816830
3161569130
3162205945
3161999435
3162203356
3161841124
3161323617
3161536898
3161843099
3161563443
3161926798
3161766254
3161946118
3161867687
3161436450
3161346036
3161233914
3161484140
3161922225
3161228803
3161607949
3162061101
3161457358
3161464927
3161526769
3161485769
3162110145
3161395461
3162079537
3161227517
3161600704
3161522669
3161687402
3161797061
3161656520
3161430641
3161567514
3161692059
3161958833
3161400004
3162078301
3161347770
3162207330
3161566099
3161311108
3161356915
3161544077
3161382897
3161814636
3161430280
3161512650
3161988612
3161419507
3161973354
3161588292
3161384823
3161957799
3161674169
3162075402
3161368590
3161507717
3162122468
3161466783
3162209347
3161539656
3161459837
3161402548
3161752120
3161339445
3161497771
3161843347
3162065857
3162087809
3162100308
3162073651
3161310248
3161282400
3161723031
3161365434
3161257864
3161222855
3161323635
3161866844
3161656792
3161935729
3161353886
3161582826
3161499443
3161902588
3161674207
3161224750
3161372316
3161859617
3162063752
3161462105
3161478232
3161574507
3161521093
3161636136
3161507077
3161729294
3161780089
3161359857
3161543922
3162205437
3161860695
3161734023
3162202724
3161592298
3161851593
3161274086
3162078094
3161599002
3161947288
3161737043
3161309093
3161540525
3161695256
3161376670
3161604771
3161364224
3161421837
3161688697
3161853524
3161359926
3161365408
3161998744
3161944424
3161404290
3162066247
3161290689
3162064653
3161666801
3161848949
3162203723
3161628365
3161574840
3161385072
3161507701
3161606366
3161633331
3161745438
3162202676
3161699154
3161937778
3161381374
3161477517
3161243275
3162168413
3161404828
3161715769
3161604348
3161677938
3161750895
3161714042
3161960553
3161498044
3161563793
3161761767
3162064957
3161592565
3161410715
3161676667
3161600840
3161812146
3162126053
3161784766
3161281338
3161339843
3161312509
3161619231
3161590877
3162069942
3161504751
3161366977
3161347129
3161694380
3161703056
3161682591
3161808554
3161552108
3161920516
3161212969
3162126338
3161768522
3161959777
3161637959
3161535858
3161341100
3161799504
3161242128
3161841640
3161390862
3161376392
3161943970
3161960236
3161587127
3161945255
3161344974
3161536929
3161394730
3161642860
3161848802
3161639363
3161443264
3161362369
3161414905
3162205789
3161234023
3161532524
3162128864
3162205045
3161644484
3161495829
3161580074
3161210028
3161660279
3161497256
3161832671
3161769406
3161822674
3161378503
3161671938
3161385172
3161863270
3161492728
3161840812
3161384003
3161295684
3161511848
3161385664
3161226226
3161281112
3161972670
3161247535
3161608000
3161375594
3162135383
3161782178
3161767454
3161763949
3161662605
3162116088
3161628849
3162113145
3161919400
3162116339
3161844234
3162066074
3161389978
3161609432
3161855994
3162200470
3161213050
3161429405
3161765206
3161584383
3161899598
3161284372
3161315176
3161655066
3161423860
3161800976
3161364800
3161806465
3161361435
3162070691
3161999553
3161917673
3162073399
3161801790
3161599982
3161693312
3161997787
3161487754
3161444389
3162113900
3161911979
3162062332
3161725422
3161320009
3162067729
3162127111
3161994079
3161657142
3161869082
3161990392
3161540036
3161423672
3161237296
3161828040
3161785370
3162081209
3161452226
3161927900
3161836710
3161665770
3161876990
3161555668
3161559218
3162063789
3162135312
3161533538
3161905994
3161920056
3161412134
3161391560
3161604057
3161367223
3162114268
3161510662
3161922028
3161938453
3161651860
3161319292
3161381927
3161773866
3161360952
3161903045
3161233612
3161390180
3161669821
3161238504
3161241150
3161626855
3161261929
3162063058
3161540320
3161868134
3161457330
3161273305
3162200575
3161475555
3161998041
3161398717
3161576103
3161339831
3161442511
3161745000
3162200507
3161522328
3161373856
3161641404
3161425891
3161578587
3162123185
3161460266
3161247611
3161622852
3162121232
3161415151
3161338057
3161655122
3161638690
3161210678
3161977043
3161490324
3161469006
3161241488
3161329215
3161845113
3161675230
3161391261
3161596212
3161627316
3161818583
3161304477
3162129516
3161641684
3161460091
3161322307
3161239259
3162060993
3161561649
3161761940
3162068858
3161719876
3161418550
3161413366
3161550027
3161996169
3161399013
3161877094
3161765535
3162087783
3161462307
3161276519
3161542778
3161996989
3161634762
3161323307
3161831612
3161588508
3161300630
3161377773
3161766089
3161502232
3161524578
3161336844
3161500978
3161547562
3161227472
3161337728
3162066659
3162204676
3161672897
3161398312
3161219106
3162112975
3161374945
3161916878
3161547101
3161903569
3161723328
3161419276
3161400799
3161936514
3161925788
3161440111
3161448527
3161240253
3161763411
3162209068
3161655791
3161340770
3161789308
3161705726
3162113091
3161359975
3162060084
3161429278
3161284845
3161407040
3161510646
3161810118
3162131447
3162126547
3161406960
3161633020
3161728824
3161537729
3161598249
3162122905
3161603523
3161251169
3161853196
3161884583
3161548761
3161798133
3162119400
3161727349
3161535680
3162076464
3161574053
3161980180
3161507738
3162062977
3161493252
3161647349
3161825553
3161765320
3161257776
3161562124
3161848138
3161832972
3161839652
3162131422
3161397777
3161506738
3161332394
3161424813
3161787647
3161643672
3161391754
3161319630
3161884494
3161975024
3161365385
3161541449
3161487803
3161561357
3161663214
3161506087
3161834947
3161629970
3161435215
3161526954
3161970694
3161560162
3161705998
3161960117
3161893524
3161631932
3161231895
3161907278
3161387583
3161944434
3162126752
3161866015
3161860875
3161839948
3161887396
3162060659
3161607828
3162128045
3161718058
3162062869
3161338183
3161413559
3162131124
3162127688
3161681292
3162079114
3161365380
3161485874
3162129922
3161855289
3161443144
3161963069
3161289746
3161304995
3161352870
3161564300
3161881691
3161614262
3161683084
3161649635
3161731144
3161874526
3161212302
3161730450
3161970429
3161978701
3161400677
3161214369
3161399937
3161603138
3161512419
3161425093
3161433176
3161451594
3161266783
3161240849
3161961542
3161997155
3161729431
3161460937
3161339930
3162072446
3161647365
3161350757
3161311080
3161469511
3161562684
3161278410
3161558545
3161328067
3161322116
3161606341
3161371665
3161638417
3162071310
3162202452
3161654276
3161558719
3161431240
3161411739
3161310251
3162085488
3161277700
3161538252
3161359519
3161903038
3161381928
3161659760
3162068356
3161977773
3161434445
3161412802
3162207402
3161704962
3161556595
3161769825
3161471291
3161515137
3161927927
3161305173
3161755238
3161227500
3161296443
3161310756
3161688726
3161970955
3161298407
3161549406
3161477874
3161693325
3162115803
3161798789
3162208397
3161430571
3161599859
3161260840
3161325266
3161402551
3161855739
3161477580
3162202643
3161587462
3161348720
3161705548
3161736915
3161416065
3161473044
3161415440
3161561500
3161833556
3161923368
3161394939
3161460292
3161903305
3161579360
3161376780
3161661546
3161840432
3161823886
3161328813
3161898381
3161506695
3161523829
3161839440
3161296666
3161595381
3162129234
3161394127
3161990701
3161576861
3161446340
3161746200
3162135561
3162124929
3161789835
3161230565
3161792250
3161837711
3161604744
3162115667
3161991623
3161388053
3161736777
3161984716
3161282943
3161542172
3161392646
3161606159
3161218370
3161825220
3162063571
3161355649
3161481288
3161392558
3161972651
3161451228
3161228360
3161650786
3161989905
3161301200
3161980735
3161551002
3161938277
3161324948
3161373882
3161679230
3161948878
3161346656
3161717047
3161375612
3161534611
3161447814
3161546892
3161614151
3161386872
3161867387
3162117176
3161469896
3161368766
3161597624
3161381923
3162131183
3161462034
3161406035
3162113864
3161990628
3161518304
3161373168
3161293777
3161549021
3161435320
3161891962
3161630202
3161218788
3161337757
3162207337
3162205996
3161563449
3161219782
3161923985
3161330660
3162205394
3161898308
3161603373
3161654357
3161698187
3161928381
3161614020
3161825690
3161993826
3161238888
3161804196
3162064729
3161433384
3161884670
3161884379
3161301852
3161895642
3161886659
3161476195
3161271747
3161750022
3162113642
3161402652
3161427786
3161965829
3161637477
3161373351
3161482753
3161500635
3161257231
3161322665
3162132446
3162120397
3161984864
3161798929
3161996914
3161727871
3161536102
3161435354
3161335252
3161780085
3161775246
3161999834
3161742596
3161620577
3161428625
3162130584
3161528329
3161988829
3161757060
3162123949
3161659852
3161418696
3161987982
3161922814
3161529706
3161721217
3161308775
3161476930
3161338198
3161494310
3161440231
3161352785
3161743237
3161664671
3161235211
3161637564
3161641243
3161642941
3161239761
3161520473
3161861237
3161380985
3161517466
3161673011
3161561033
3161949612
3161703634
3161317162
3161256126
3161276441
3161615464
3161969906
3161431853
3161858534
3161476373
3161563236
3161967315
3161790123
3161894239
3161210997
3162110822
3161846268
3161672243
3161768272
3161868282
3161502574
3161955127
3161889831
3161928211
3161475331
3161564140
3161575541
3161345134
3161716666
3161431940
3161259948
3161442999
3161333511
3161384699
3161357039
3161446152
3161640810
3161705073
3162126482
3161263804
3161215342
3162127056
3161522795
3161713893
3161669289
3161639152
3161674041
3162206966
3161661687
3161483317
3161902630
3161588719
3161999559
3161722168
3161311113
3162089021
3162208391
3161401854
3161398754
3161584320
3161488188
3162122927
3161679790
3161314019
3161456379
3161527154
3161520611
3161583846
3161507025
3161601990
3161427192
3161906032
3161409979
3161873273
3161564190
3161736588
3161375210
3161542782
3162132936
3161474481
3161599107
3161826726
3161445649
3161781192
3162076405
3161867132
3161460757
3161474460
3161668923
3161604155
3161491906
3161831750
3161972113
3161557598
3161783817
3162117034
3161339698
3162202320
3161490274
3161386170
3161700008
3161751521
3161986806
3161573719
3161884395
3161966593
3161530529
3161491483
3162063325
3161658914
3161830497
3161557688
3161974449
3161739136
3161899470
3161348358
3161435145
3161651295
3161599273
3161506681
3161325044
3161219276
3161247777
3161674570
3161226111
3161802864
3161863501
3161631216
3162132371
3161953462
3161708773
3161270200
3161853135
3161861259
3161680680
3161372407
3162087632
3162079073
3161716729
3161458913
3162064462
3162126716
3161585362
3161738486
3161513384
3161794489
3161609979
3161373432
3162111346
3161991395
3161419848
3161508523
3162110984
3161490814
3161703727
3161323998
3161275567
3162071847
3162122225
3161299696
3161677955
3161335109
3162131068
3161567427
3161618680
3161844702
3161586893
3161331234
3161544737
3161761084
3161584932
3161237502
3161327654
3162078137
3161621927
3161587557
3161886414
3162075081
3161965925
3161430408
3161399861
3161573344
3162113798
3161718857
3161842727
3161311132
3161400071
3161344899
3162113714
3161382158
3161961695
3161224198
3161395476
3161752963
3161649748
3161377654
3161989805
3161507740
3161867832
3161934017
3161818472
3161246081
3162067620
3161324248
3161552589
3161487613
3161439847
3161986920
3161522695
3161999992
3162207939
3161415889
3161954549
3161955738
3161822892
3161768755
3161493796
3161793929
3161696677
3161683679
3161657308
3161326814
3161636454
3162085479
3161604293
3161379847
3161320335
3161720724
3161336647
3161556919
3161916993
3161285064
3161647541
3161407124
3161500288
3161307394
3161682474
3161479909
3161776030
3161777945
3162116050
3161215921
3161494144
3161511729
3161949772
3161235059
3161623089
3162079953
3161687713
3161400097
3161904269
3161232043
3161576553
3161551025
3161427366
3161568491
3161969777
3161579205
3161846994
3161927412
3161450410
3161996397
3161857770
3161521805
3161811331
3161689267
3161857440
3161345058
3161935584
3161534556
3161316294
3161937571
3162113708
3161540043
3161587800
3161629330
3162168249
3161778422
3161498405
3161232822
3161868410
3161226812
3161990748
3161912416
3161236881
3161924022
3161945387
3161382618
3161485422
3161664330
3161637681
3162073551
3161598583
3161360036
3161906757
3161424085
3161755710
3162075555
3161611832
3161825741
3161388979
3161321491
3161870520
3161243541
3162127214
3161948000
3161674132
3161382593
3161955069
3161357873
3161396265
3161507388
3161745399
3161615996
3161640039
3161413065
3161902716
3161547057
3162061627
3161746969
3161212655
3161335098
3161921025
3161818278
3161436698
3161991159
3161446167
3161450172
3161833585
3161369993
3161379714
3162073070
3161735058
3161819206
3161795661
3161517048
3162130310
3161386057
3162062177
3161814865
3161683369
3161536670
3161791010
3162074585
3161561731
3161594794
3161381014
3161567263
3161261931
3161713686
3161597684
3161539538
3162209603
3161339586
3161554771
3161420173
3161779400
3161801422
3161375207
3162132536
3162063140
3161258412
3161372626
3162200787
3161231594
3161449850
3161808722
3161387605
3161429407
3161484548
3161480518
3162117731
3162206801
3161674427
3161719363
3161439985
3161959445
3161774437
3161890169
3161812560
3161287783
3161719023
3161610519
3161535681
3161482170
3161954445
3162071873
3162089906
3161790347
3161404171
3161617493
3161417836
3162202670
3161331750
3161334184
3162132958
3161630300
3161409047
3162125717
3161979381
3161919865
3162200897
3161834546
3162076417
3161600414
3161487569
3161949311
3161818493
3161753493
3161281855
3161718230
3161313577
3161440400
3161564054
3161746597
3161648889
3161457675
3161826917
3161920486
3161525111
3161439959
3161487419
3161917547
3162209622
3161990730
3161399073
3161280823
3161305014
3161805153
3161734706
3161401960
3162100399
3161322998
3161389003
3161410212
3161533452
3161778145
3161851840
3161986249
3161429719
3161246163
3161866298
3161799777
3161770355
3161877972
3161911586
3161554965
3161235807
3161968559
3161668487
3161700445
3161884554
3161525740
3161507481
3161302970
3161912067
3161940436
3161975929
3161913818
3161210257
3162134133
3161432699
3161622995
3161521921
3161281242
3161617990
3161903054
3161950348
3161494965
3161858108
3161930485
3161292646
3162127620
3161355621
3161409440
3161513488
3161651887
3161700309
3161558449
3161564001
3161382085
3161945351
3161699267
3161338843
3162068130
3161418949
3161833271
3161239788
3161377476
3161496274
3161600900
3161828117
3162209109
3161341339
3161599281
3161483041
3161741819
3161825288
3161911425
3162089888
3161234816
3161380169
3162134950
3161285285
3161574358
3161749884
3161723069
3161378255
3161386953
3161414270
3161324297
3161763212
3161677768
3161914675
3161673536
3162068623
3162208676
3161545607
3161250326
3161480957
3161990298
3161708957
3161441485
3161622488
3161977535
3162069856
3161371664
3161219874
3161880410
3161256942
3161595716
3161394739
3161557570
3161950717
3161550969
3161666782
3161975706
3161770074
3161713355
3161342094
3161508113
3161456096
3161765624
3161273886
3161560467
3161511503
3162090012
3161497701
3161734447
3161662970
3161965725
3161381290
3161512110
3162127877
3161551507
3161313480
3161425701
3161603466
3161332249
3161439014
3161234406
3161753500
3161268885
3161343657
3162078487
3161712830
3162065907
3161969603
3161945913
3162063173
3161467104
3161830028
3161710730
3161236185
3161518160
3161275404
3161336568
3161855774
3161418036
3161556934
3161479514
3161828865
3161726674
3162070631
3162071093
3161570957
3161500076
3162050077
3161481318
3162063736
3161604162
3161797662
3162079218
3161482902
3161461354
3161507879
3162076053
3162077718
3161769424
3161676825
3161528864
3161950260
3161811602
3161555959
3161497990
3161887670
3162113467
3161291420
3162127389
3161323645
3161956652
3161823690
3161986899
3162128630
3161753816
3161761563
3161331706
3161234723
3161732787
3161345100
3161709700
3161994516
3162121327
3161685953
3161860223
3162202728
3161431987
3161746866
3161610133
3161661219
3161789512
3161979057
3161346254
3161488615
3162203995
3161560372
3161334750
3161354111
3161872154
3161714105
3161530525
3161525876
3161290204
3161250594
3161988912
3161629376
3161433494
3161796254
3161625702
3161755048
3161469114
3161600662
3162084100
3161898386
3162133104
3161614546
3161282838
3162082134
3161511026
3161371065
3162121078
3161731105
3161417712
3162076128
3161919078
3161890841
3161453937
3161893574
3161613097
3161228971
3161632458
3161377546
3161225733
3161342265
3161581130
3161880803
3162071638
3161625223
3161380556
3161419895
3161857247
3162119698
3161596455
3161982470
3162084075
3161820943
3161853463
3161381741
3161951634
3161283195
3161775759
3161388937
3161349720
3161293946
3161826323
3161639794
3161635978
3161969932
3161362350
3161279162
3161220028
3161336839
3162113971
3161626272
3161245115
3161671139
3161293620
3161220815
3161519852
3161260531
3161584625
3161507297
3162112239
3161397836
3161575495
3161975882
3161965716
3162127057
3161836615
3161990967
3161305362
3161912760
3161227804
3161689717
3161841144
3161960751
3161659603
3161562607
3161886182
3161645673
3161916785
3162076931
3161600574
3161820459
3161497162
3162120732
3162086101
3162119101
3161980383
3161853427
3161500093
3161476342
3161639387
3161772740
3161840108
3161781234
3162128391
3162082559
3161707912
3161537080
3161768598
3161353784
3161516745
3161435223
3162116547
3161843647
3161491107
3162127798
3161950071
3161638972
3161614824
3161892351
3162115344
3161826047
3161616001
3162069158
3162203557
3161846545
3161596097
3161948758
3161464335
3161640221
3161727818
3161924368
3161551024
3161913185
3161870760
3161944592
3161598093
3161568360
3161420835
3161220096
3161221804
3161823157
3161964859
3161383690
3161824094
3161428666
3161926496
3161410690
3161666677
3161552873
3161853872
3161331353
3161215420
3161359242
3161412857
3161239747
3161810685
3162133647
3161822485
3161431595
3161802242
3161221193
3161571977
3161556786
3161846622
3162202778
3161374248
3162203652
3161507007
3161719722
3161790501
3161310938
3161227243
3161759358
3161483649
3161596366
3162122556
3161771033
3161704505
3161764872
3161522792
3162127683
3161574872
3161871678
3161461522
3161647114
3161808057
3161489807
3161328988
3161825865
3161373828
3161850845
3161587528
3161528694
3161380001
3162083889
3161262840
3161831583
3161581851
3161823546
3162208589
3161898553
3161712479
3161787557
3162136050
3161766291
3161338576
3162111756
3161894598
3161670089
3161371267
3161934531
3161516973
3161461250
3161630415
3162123374
3161315448
3161443146
3161794542
3161402092
3162067408
3161555074
3161635564
3161379374
3161411944
3161375896
3161852146
3161937827
3161730606
3161234856
3161416332
3161500476
3161303551
3161444204
3161905814
3161530091
3162122317
3161822906
3162114488
3161842560
3161312150
3161760389
3161521487
3161726760
3161226393
3161868946
3161697068
3161390984
3161504413
3162070535
3161637467
3161438209
3161962321
3161481436
3161453862
3161722269
3162120025
3161601091
3161821262
3161489541
3161743724
3161484787
3161501935
3161492665
3161281961
3161784610
3161262617
3162117435
3161575810
3162066818
3161607820
3161494107
3161851181
3161569390
3161800795
3161825196
3162201985
3161360807
3161574330
3161781843
3161440202
3161908553
3161416786
3161728186
3162206655
3161596091
3161496111
3161333726
3161916135
3161929281
3161601415
3161636810
3161604441
3162209394
3161605555
3161645161
3161556091
3161471440
3162200941
3161786320
3161964864
3161463710
3161518347
3161907645
3161853975
3161489286
3161850384
3161984869
3161406218
3161299119
3162112475
3161750817
3162064602
3161754863
3161698212
3161402245
3161237285
3161577678
3162120610
3161452097
3161518398
3162061669
3161557021
3161333350
3161654732
3161260644
3162071442
3161626428
3161259932
3161513266
3161439832
3162200072
3161628184
3162086864
3162075269
3161635191
3161866203
3161493743
3161810460
3161478057
3161491119
3161380881
3161365305
3161668358
3161570688
3161250910
3161393749
3162089507
3161895848
3161855669
3161379207
3161251119
3161909248
3161365194
3161297244
3161734031
3161316861
3161923435
3161539963
3161404103
3161921429
3161497910
3161372148
3161903528
3161500277
3161629186
3161542336
3161563445
3162083796
3161940586
3161580068
3161520078
3161717480
3161547777
3161302006
3161785460
3161313200
3161337005
3162123275
3161226752
3162129649
3161399543
3161967762
3162085658
3161313980
3161774093
3161356289
3161828488
3161335718
3161629959
3161356883
3161737128
3162077630
3161719347
3161294473
3161293855
3161817557
3161395996
3161345752
3162111353
3161370600
3161987777
3161452864
3161488081
3161551500
3161245402
3161469521
3161944482
3162135624
3161891588
3161494671
3161996293
3161467549
3161656983
3161332552
3162136464
3161283552
3161232506
3162114208
3161286629
3161578119
3161412559
3161921831
3161364193
3162076008
3162110246
3162065363
3161495515
3162120488
3161861363
3161973447
3161229940
3161383151
3161276118
3161835177
3161571180
3162119013
3161437874
3161451615
3161685887
3161364235
3161682118
3161526792
3161580614
3161400700
3161557693
3162071652
3161555578
3161962875
3161492611
3161524585
3161277873
3161306405
3162078295
3161840943
3161861072
3161387828
3161371591
3161944447
3162118184
3161620939
3162207479
3161504989
3161812791
3161451523
3161230219
3162206568
3161899504
3161810703
3162115655
3162084507
3162088055
3162120548
3161721870
3161946979
3161631228
3161309086
3161838197
3161900017
3161625193
3161232200
3161558166
3161548647
3161338033
3161649510
3161915484
3161617973
3161389406
3161330001
3161621785
3161468412
3161502557
3161574367
3161619464
3161286035
3161421930
3161709716
3161617813
3162110498
3161293259
3161753214
3161693680
3161940726
3161344358
3162113525
3161644119
3161239202
3162119803
3162116092
3161802022
3161505649
3161940571
3162122288
3161762254
3161439314
3161774143
3161407735
3161302222
3161786299
3161578475
3161751628
3161347204
3162203650
3161457246
3161542974
3161574147
3161971420
3161309878
3161906413
3161422508
3161479252
3162207762
3161457114
3162072118
3161934848
3161967591
3161960077
3161769710
3161767300
3162115234
3162076325
3161376247
3162073663
3161491877
3161434657
3161459591
3161430413
3161653844
3161917538
3161566438
3161659353
3161695737
3161292458
3161637971
3161470936
3161406932
3161498771
3161542906
3161624156
3162111384
3161554285
3161600546
3161809941
3161766911
3161225540
3161733742
3161772422
3161980952
3162127513
3161336512
3161526641
3162063445
3161582572
3161376433
3161251478
3161273775
3161315841
3162129762
3161813874
3161268247
3161344429
3161504149
3161799555
3161872878
3161759248
3161257117
3161282678
3161769962
3161371775
3161870174
3161435260
3161583643
3161414853
3161337501
3161443949
3162208441
3161525330
3162079248
3161939655
3162132171
3162116047
3161561420
3162115742
3161320568
3161362666
3162206428
3161230977
3161793048
3161846426
3161587809
3161869926
3161989804
3161556992
3161574658
3162121236
3161762171
3161341795
3162088979
3161733200
3161422315
3161467770
3161392603
3161663024
3161553877
3161511296
3161600007
3161400001
3162134223
3161487567
3161906643
3161489417
3161478602
3161249433
3161465268
3161404965
3161968584
3162135520
3161969923
3162068962
3161899261
3161817005
3161781301
3161514860
3161554860
3161532227
3162134730
3161512746
3161612699
3161592354
3161696101
3161595618
3161867229
3161667377
3162123840
3161418127
3161536601
3161580536
3162065972
3161304256
3161636235
3161753819
3161415403
3161256558
3161691366
3161414645
3161255127
3161968598
3161688386
3161737673
3161989222
3161368085
3161905547
3161947065
3161248096
3161871452
3161997106
3161310969
3162201066
3161778061
3161311681
3161666245
3161669258
3162206537
3162078392
3161521804
3161272884
3161990798
3161677567
3162083572
3161417569
3161722647
3161301782
3161210681
3161220993
3161740016
3162074593
3161370043
3161673225
3161998342
3161456111
3161550893
3161303217
3161391605
3161355353
3161873953
3161908590
3161485100
3161346282
3161715799
3162204447
3161216421
3161984280
3161517545
3161324837
3161909136
3161627686
3161430971
3161900601
3161942557
3161429062
3162120531
3161912742
3161569737
3161626317
3161951827
3161475253
3161876488
3161522227
3161656067
3161647608
3161446026
3161609096
3162083631
3161502289
3162208790
3161505801
3161276570
3161813949
3161463316
3161236028
3161613159
3161640604
3161302238
3161929393
3161436914
3161614927
3161372622
3161523080
3161484519
3161539010
3161704613
3161826443
3161272125
3161456807
3161251536
3161991739
3161539495
3161522917
3161294100
3162127024
3161886393
3161756796
3161275410
3161784985
3161822841
3161503380
3161768830
3161467825
3161564087
3161755560
3161995143
3161683649
3161538714
3161600029
3162079996
3161541508
3161425322
3161619676
3161463819
3161477284
3161283638
3161551397
3162089157
3161697629
3162117827
3161770145
3161459521
3161303266
3162070655
3161358950
3161465121
3161711631
3161998639
3161410065
3161235254
3161541475
3161681993
3161734704
3161808422
3161784511
3161418703
3162075110
3161310643
3161379361
3161721466
3161817814
3161781102
3161920675
3161800670
3161688677
3161361658
3161995188
3162206558
3161999254
3162206800
3161754046
3161836361
3161614880
3161948702
3161759109
3161817255
3161308627
3162082137
3161765335
3162200137
3162200182
3161292005
3161446118
3162205759
3161823634
3161761428
3161319499
3161497081
3161821016
3161853396
3161820671
3161928206
3162203992
3161447687
3161376770
3161675776
3161338636
3161940972
3162078370
3161909284
3161520630
3162126290
3161907996
3161327216
3161661671
3162200078
3162065540
3161462823
3161673571
3161258117
3161867433
3161705203
3161419723
3162206025
3161337770
3161835764
3161475356
3161235120
3161692113
3161709790
3162132195
3161708186
3161775855
3162120056
3161438083
3161376756
3162201705
3161559568
3161561405
3161306840
3161490020
3161373870
3161912600
3161565708
3162126352
3162204562
3162084594
3161948480
3161304164
3162116776
3161371619
3161929828
3161639763
3161996653
3161439688
3161537384
3161967040
3161997043
3161623863
3162085575
3161374649
3161790814
3161212165
3161710573
3161934919
3161586692
3161215767
3161825282
3161341711
3161793057
3161578988
3161627038
3161314484
3161249906
3161842247
3161993534
3161422149
3161952460
3161683151
3161806193
3161827476
3161624953
3161481901
3161240171
3162086700
3161962256
3161851980
3161543173
3161893977
3161817394
3161626055
3161914168
3161999897
3161764359
3162074184
3161340015
3161455980
3161986898
3161489839
3161299590
3161809639
3161587977
3161466994
3161834978
3161500033
3161773017
3161421314
3161599051
3162118411
3161732088
3162086159
3161324845
3161519764
3161720578
3161358066
3161962089
3161561604
3161540513
3161916269
3161404279
3161234939
3161388873
3161552447
3161815887
3161224842
3161943608
3161620987
3162077359
3161518740
3161408772
3161533197
3161861589
3161967343
3161820009
3161761444
3161925673
3161991255
3161807351
3161723763
3161634713
3161979784
3161858870
3161375599
3161291426
3161520467
3161708219
3161928743
3161419593
3162128699
3162076833
3162207078
3161713948
3161358949
3161506800
3161909767
3162119631
3161557273
3161324147
3162206333
3161708905
3161482266
3161595144
3161660071
3161491078
3161363380
3162076589
3161929799
3161508697
3161460800
3161781287
3161983872
3162075788
3161723453
3161801701
3161880887
3161914908
3161599829
3161274815
3161359697
3162131149
3162124444
3161249203
3161605691
3161755328
3161952250
3161571461
3161818850
3161586552
3161429183
3161496287
3162202938
3161379607
3161620503
3161716475
3161580056
3161745026
3161917372
3161847370
3161544001
3161306662
3162110604
3161315986
3161979577
3161655965
3162122774
3161578580
3161358959
3161409409
3161526564
3161999702
3161939030
3161856721
3161450063
3161921000
3161377704
3161768066
3162132526
3161953380
3161387319
3161627054
3161759317
3162086383
3161867438
3161229484
3161647574
3161396680
3161456990
3161282060
3162126472
3161738274
3161745934
3161985641
3162066157
3161732493
3161830886
3161676012
3161259329
3161360349
3161561643
3161577263
3161749484
3161333363
3161468223
3161291929
3161568238
3161835779
3161667427
3162070761
3161506351
3161678043
3161761055
3161768934
3161847955
3161771200
3161956736
3161464387
3161509876
3161791583
3161552781
3161224218
3161946078
3161503383
3161666655
3161855804
3161380370
3161340353
3162075957
3161786620
3161790370
3161305665
3161420759
3162088026
3161535734
3161662103
3161723107
3161741665
3162205531
3161543697
3161944552
3161454756
3161731930
3161570000
3161414194
3161618550
3161727258
3161540657
3161849471
3161908036
3161304764
3161631897
3161530956
3161429478
3161469237
3161483943
3161536462
3162132739
3161238231
3161397484
3161474662
3161976718
3161969205
3161573317
3161549062
3161395777
3162201417
3161509717
3161881841
3161364085
3161835458
3161895263
3162111095
3161787302
3161425906
3161885354
3161956464
3161569046
3161717122
3161450600
3161388123
3161635485
3161789729
3161708603
3161893495
3161238963
3161553903
3161507644
3161843360
3161966965
3161838471
3162136833
3161435279
3161252644
3161554048
3161815892
3161462966
3161594786
3161379239
3161835887
3161338192
3161464220
3161579362
3161429591
3161473333
3161424631
3161835102
3161323683
3161651212
3162068240
3161294846
3161741267
3161249958
3161460703
3161389262
3161354809
3161977276
3162202496
3161231571
3161293528
3161834903
3162082101
3161346023
3161559720
3162168007
3161439677
3161602727
3161925346
3161537061
3161499240
3161588374
3161776877
3161461760
3161274249
3161437777
3161734000
3161448744
3161559365
3161421111
3162168089
3161558765
3162111676
3161846167
3161742602
3161420700
3161884634
3161992629
3161807082
3162112016
3161494042
3161923212
3161719399
3161584236
3161381514
3161920652
3162087607
3161366233
3161313756
3161438086
3162120236
3161435034
3161763324
3161277606
3161575109
3161899992
3161490073
3162209430
3161724407
3161602539
3161444012
3161838250
3161819611
3162126596
3161947676
3161907063
3161214737
3161697470
3161866284
3161647672
3161334400
3161936492
3161986605
3161693694
3161694383
3161428188
3161970320
3161704347
3161564473
3161262648
3161840737
3161902153
3161683747
3161817885
3161799704
3162061132
3161974713
3162200888
3161367157
3161600548
3161735727
3161501014
3161305496
3161813702
3162128343
3161957143
3161681575
3161620481
3161248270
3161769454
3161341730
3161767555
3161729754
3161535051
3161454830
3161319333
3162084524
3161540884
3162070055
3161324453
3161829472
3161804087
3162069951
3161528471
3161981670
3161267492
3161781127
3162135625
3161257812
3161472130
3161525991
3162131875
3161590401
3162066385
3161951580
3161228831
3162087017
3161822026
3161322993
3161382175
3161736117
3161567883
3161629374
3161879075
3162125401
3161737701
3161230038
3161942329
3161352864
3161659981
3161999038
3162083717
3161965127
3161778288
3161342140
3161922383
3162075743
3161321100
3161792477
3161799335
3161607893
3162100910
3161521952
3161839934
3161567501
3161409793
3162065052
3161600665
