3161617752
3161911512
3162077774
3161930536
3161653031
3162060605
3162110278
3161257027
3161685420
3161408800
3161215607
3161625104
3162110616
3161339676
3161972771
3161220302
3162063925
3161613443
3161484877
3161978693
3162205691
3161611033
3161252391
3161335352
3161489251
3161692897
3161764352
3162129111
3161787428
3161893333
3161647636
3161226763
3161813878
3161282685
3161465378
3161695056
3161635424
3161910255
3161389207
3162113223
3162114482
3162127699
3162113480
3161899644
3162084113
3161931739
3162072603
3161841534
3161517909
3161248152
3161221344
3161438216
3161979773
3162206794
3162126617
3162076620
3162060081
3161362716
3161613375
3161270375
3161801133
3161413140
3162050091
3161991531
3161250002
3162208431
3161855419
3161899064
3161820047
3162079826
3162131415
3161849666
3162068073
3161920300
3162067070
3161350994
3162202381
3162065534
3161990905
3162200141
3161635841
3162082291
3162065864
3161633335
3161821237
3161483892
3161725424
3162125469
3161877075
3161982618
3161360235
3161564820
3162201852
3161637390
3162061399
3162086030
3161598450
3162060956
3161778865
3161422078
3161788368
3161751862
3161593450
3161785264
3161835468
3162066602
3162116200
3161990688
3161825082
3161412761
3161444498
3162209438
3161355331
3162089687
3162200040
3161656543
3161532405
3161557111
3161906056
3161897934
3162067928
3161354420
3161714850
3161648762
3161397403
3162118870
3161400284
3161319796
3162119395
3161895153
3162134161
3161707043
3162100053
3161271897
3161509427
3161876780
3161946590
3161382878
3161472524
3162064557
3161821000
3161636319
3161991208
3162201656
3161244139
3161713299
3162135099
3161611325
3161582222
3161775905
3161993173
3162082837
3161458390
3161440570
3161770386
3162071233
3161388885
3161401017
3161577641
3161458682
3161820386
3161702088
3161868668
3161923372
3162085199
3161697072
3162121318
3161813412
3161938417
3161366766
3161600536
3162110889
3162100192
3161876559
3161738305
3162117036
3161672621
3161580078
3161899817
3162204591
3161280711
3161999008
3162071803
3161920119
3161954140
3161317352
3161879956
3161973781
3161798452
3162202146
3161429504
3162082651
3162125710
3161497653
3161406072
3161960454
3162122068
3161432830
3161741575
3161782317
3161683261
3162126081
3162124606
3161452880
3161923754
3161879818
3161743508
3161878020
3161807267
3162122686
3161362640
3162112018
3161826449
3161596777
3162076364
3162204136
3162089155
3161375514
3161987350
3161897416
3161916330
3162209486
3161425385
3161707136
3161598057
3161307313
3161420586
3161828185
3161306666
3161498487
3161720930
3161318887
3161369662
3162202280
3161796355
3161444113
3161219633
3161775166
3161766947
3161434165
3161960392
3161299633
3162127060
3162071942
3161981104
3161541622
3161540588
3161398325
3162060489
3161602929
3161472821
3162569464
3162464000
3162379758
3162792212
3162311640
3162375959
3162822998
3162232852
3162738466
3162227497
3162714472
3162343284
3162362881
3162886907
3162497557
3162853030
3162083011
3162695670
3162543201
3162433273
3162704761
3162475034
3162359275
3162582680
3162255778
3162833821
3162804134
3162227605
3162200693
3162864351
3162281709
3162587423
3162290142
3162396826
3162815006
3162395568
3162884066
3162413497
3162424434
3162201067
3162418588
3162320725
3162248350
3162842420
3162714001
3162070782
3162063526
3162578738
3162487182
3162372664
3162828584
3162663738
3162336424
3162706125
3162272676
3162112845
3162503815
3162572593
3162395992
3162852551
3162343795
3162060472
3162227325
3162087556
3162215104
3162651455
3162558955
3162258568
3162786035
3162728972
3162660208
3162437953
3162837561
3162320469
3162663915
3162730732
3162405949
3162344519
3162246316
3162831473
3162591619
3162674836
3162777739
3162288198
3162865265
3162299292
3162557603
3162296428
3162571946
3162750845
3162425319
3162383104
3162881210
3162255001
3162509115
3162277502
3162511184
3162868456
3162833194
3162269295
3162120327
3162251029
3162886704
3162473606
3162284493
3162241959
3162867183
3162207246
3162420783
3162509370
3162211063
3162813544
3162503496
3162543358
3162578888
3162663972
3162580010
3162454773
3162529108
3162497848
3162422424
3162228894
3162471920
3162339333
3162212668
3162494797
3162226404
3162407333
3162860958
3161946709
3162397873
3162463852
3162319494
3162563606
3162258529
3162241763
3162860319
3162448942
3162583462
3162425427
3162815481
3162228043
3162211022
3162414634
3162280463
3162331088
3162316128
3162200787
3162655699
3162749943
3162375129
3162352627
3162495136
3162727993
3162807408
3162546520
3162449079
3162419570
3162708835
3162088778
3162769147
3162428648
3162577426
3162522414
3162072994
3162702297
3162479746
3162449974
3162728449
3162241911
3162462750
3162410596
3162487839
3162766955
3162892429
3162423117
3162805432
3162712766
3162671752
3162248926
3162699064
3162281043
3162426735
3162733671
3162761927
3162468128
3162850302
3162419095
3162669806
3162219360
3162290981
3162217425
3162072356
3162364085
3162523849
3162262785
3162570279
3162846269
3162768216
3162783444
3162073056
3162558889
3162070105
3162375585
3162414827
3162546130
3162283010
3162700993
3162224948
3162549429
3162283452
3162773905
3162253737
3162299241
3162131070
3162691627
3162378754
3162598135
3162535598
3162676597
3162071054
3162785706
3162671460
3162131725
3162456018
3162520923
3162391239
3162214959
3162219628
3162461264
3162577690
3162701067
3162824888
3162251479
3162207269
3162324439
3162243417
3162228850
3162115204
3162809167
3162531346
3162340465
3162509830
3162397761
3162817987
3162755497
3162656699
3162315999
3162499600
3162687631
3162584670
3162426567
3162556060
3162273363
3162516024
3162247169
3162871128
3162294067
3162821650
3162796065
3162689110
3162111060
3162263874
3162221150
3162334291
3162246935
3162763844
3162750363
3162864358
3162852577
3162077524
3162100217
3162881449
3162204014
3162797561
3162247316
3162246790
3162410327
3162724720
3162723720
3162545614
3162710186
3162413767
3162328371
3162755217
3162131803
3162460678
3162808983
3162533259
3162587878
3162554838
3162849752
3162416897
3162834524
3162587591
3162701837
3162695788
3162201055
3162809188
3162504669
3162503625
3162655373
3162449932
3162693469
3162295490
3162543969
3162232043
3162594169
3162529997
3162214606
3162290100
3162297001
3162786898
3162278549
3162892297
3162721857
3162361909
3162204096
3162228472
3161982616
3162269915
3161996784
3162676625
3162515993
3162354342
3162589702
3162494000
3162280150
3162206132
3162499422
3162672230
3162382581
3162265510
3162831630
3162310726
3162546323
3162836438
3162808419
3162870160
3162694295
3162777948
3162486389
3162122187
3162345168
3162573473
3162777013
3162547043
3162867975
3162723445
3162541572
3162787026
3162554668
3161937092
3162316464
3162065307
3162801189
3162747255
3162844923
3162695217
3162814057
3162869569
3162415762
3162369773
3162542666
3162513761
3162317818
3162410083
3162659217
3162891868
3162685209
3162878124
3162750779
3162206934
3162267245
3162556269
3162672023
3162473269
3162236763
3162547617
3162491267
3162498109
3162294366
3162772945
3162259155
3162887291
3162246195
3162259568
3162556718
3162686383
3162550092
3162500184
3162484294
3162075748
3162213943
3162764273
3162507958
3162512656
3162285228
3162129986
3162472256
3162372702
3162731088
3162825085
3162835564
3162134280
3162591120
3162735243
3162590492
3162226743
3161953525
3162089887
3162748132
3162858328
3162298917
3162410219
3162519244
3162526261
3162234748
3162448744
3162663304
3162553518
3161985681
3162788839
3162120397
3162218416
3162719299
3162418314
3162396057
3162325501
3162312641
3162260250
3162888505
3162419827
3162559325
3162268921
3162736150
3162811916
3162573813
3162381559
3162713425
3162224951
3162844750
3162379445
3162683965
3162571667
3162420775
3162072629
3162296070
3162388322
3162359676
3162257146
3162820969
3162879550
3162470687
3162778774
3162347714
3162210188
3162407806
3162378789
3162221838
3162696168
3162787213
3161991376
3162062028
3162362320
3162697798
3162488210
3161923632
3162591621
3162287006
3162201968
3162077257
3162798992
3162358393
3162496575
3162714325
3162706557
3162480381
3162384816
3162352599
3162588889
3162559857
3162353847
3162895603
3162380640
3162367859
3162365620
3162522050
3162574603
3162361727
3162089525
3162400242
3162489843
3162216769
3162394634
3162803974
3162718958
3162696018
3162761113
3162206080
3162562576
3162369300
3162384671
3162285081
3162074323
3162556026
3162383312
3162451937
3162241175
3162861725
3162212072
3162327586
3162312351
3162830255
3162871446
3162087828
3162680041
3162655325
3162871193
3162420806
3162700346
3162689644
3162455731
3162399976
3162578512
3162241376
3161908160
3162335017
3162401612
3162420996
3162436507
3162759346
3162411542
3162768834
3162847569
3162574144
3162063677
3162100280
3162313288
3162357766
3162673467
3162379003
3162524495
3162798283
3162271897
3162827297
3162800171
3162451491
3162778820
3162759717
3162729203
3162540087
3162506790
3162789088
3162467527
3162068758
3162873195
3162800027
3162855867
3162492379
3162206476
3162129352
3162692019
3162375979
3162738085
3162726877
3162583399
3162677792
3162499895
3162810035
3162851047
3162739816
3162591941
3162658283
3162127595
3162332671
3162408444
3162274827
3162246121
3162222065
3162679404
3162386835
3162292440
3162868755
3162522064
3162064365
3162838619
3162370940
3162572933
3162442585
3162815985
3162817237
3162459047
3162569756
3162543273
3162074472
3162781744
3162790044
3162126329
3162762180
3162358589
3162504360
3162467546
3162804265
3162796879
3162699845
3162473078
3162576201
3162525807
3162252319
3162287565
3162665098
3162468045
3162880989
3162494168
3162298242
3162826200
3162370796
3162406945
3162694892
3162564154
3162476992
3162888121
3162406508
3162894820
3162078449
3162813001
3162119043
3162345999
3162860282
3162063428
3162373155
3162573653
3162804491
3162349705
3162227114
3162815181
3162522736
3162202968
3162357603
3162234895
3162245976
3162769744
3162679844
3162884717
3162528750
3162208647
3162558718
3162231928
3162385327
3162862303
3162714140
3162386922
3162525500
3162806503
3162338652
3162082471
3162472637
3162799712
3162260029
3162245395
3162687800
3162570360
3162799224
3162231684
3162706867
3162263288
3162347294
3162230739
3162408549
3162804230
3162504997
3162751855
3162072175
3162220667
3162658786
3162815434
3162793951
3162248931
3162599701
3162271245
3162694196
3162368858
3162690585
3162085526
3162765415
3162582315
3162796600
3162438640
3162126203
3162710277
3162786258
3162866949
3162780734
3162547177
3162478571
3162073378
3162767786
3162383016
3162066620
3162487544
3162542411
3161986049
3162536973
3162397200
3162873425
3162519713
3162786022
3162597764
3162435579
3162898940
3162868485
3162882199
3162866974
3162712488
3162840178
3162669347
3162221200
3162075417
3162713342
3162408048
3162274981
3162581879
3161990551
3162252306
3162564790
3162210241
3162682742
3162496123
3162816915
3162060542
3162739243
3162685380
3162571462
3162665292
3162818131
3161960591
3162658565
3162836657
3162292391
3162366377
3162523156
3162538930
3162706399
3162805228
3162440330
3162560669
3162552679
3162069244
3162226473
3162518051
3162437852
3162689862
3162857102
3162259115
3162859281
3162125351
3162486381
3162338297
3162700100
3162270022
3162508013
3162520995
3162537508
3162536917
3162664720
3162573951
3162697145
3162218253
3162459477
