3162584631
3162699600
3162355844
3162314776
3162716802
3162582374
3162754813
3162843954
3162545255
3161965846
3162397202
3162112380
3162737665
3162822502
3161942175
3162577521
3161930724
3161985652
3162768051
3162067920
3162119177
3162219014
3162386191
3162357486
3162808522
3162673048
3162676281
3162550985
3162826209
3162550935
3162077355
3162793553
3162575630
3162782516
3162450288
3162332134
3162401622
3162085721
3162857597
3162893700
3162706053
3162088435
3162701321
3162229197
3162336483
3162316593
3162260137
3162807572
3162542905
3162522557
3161917582
3162880265
3162809295
3162067506
3162344662
3162365892
3162878050
3162848107
3162246555
3162741604
3162726087
3162242664
3162064860
3162088867
3162443202
3162854882
3162782318
3162782205
3162119562
3162458990
3162525534
3162828143
3162453632
3162667000
3162679618
3162425097
3162255048
3162453670
3162822608
3162807090
3162595734
3162539863
3162399050
3162674559
3162717311
3162345000
3162589067
3162247504
3162436548
3162374643
3162317942
3162741614
3162431025
3162902230
3162408347
3162569777
3162836535
3162388274
3162653086
3162299117
3162683177
3162295475
3162743656
3162265474
3162808365
3162901755
3162077341
3162352714
3162240126
3162450492
3162751500
3162589312
3162216797
3162737488
3162360997
3162117435
3162326842
3162336921
3162889593
3162322877
3162312090
3162660432
3161927869
3162839993
3162799965
3162200827
3162830130
3162552845
3161912689
3162436077
3162595379
3162364237
3162667771
3162691753
3162441996
3162826875
3162384132
3162372655
3162293462
3162063824
3161908590
3162888902
3161955928
3162259899
3162788139
3162371084
3162524080
3162529907
3162581778
3162731635
3162806653
3162727718
3162655752
3162122195
3162356209
3162343745
3162437608
3162361596
3162881408
3162593397
3162534076
3162727552
3162834115
3162773381
3162853261
3162860404
3162883280
3162686163
3162685357
3162271369
3162281423
3162720930
3162126507
3162329681
3162824061
3162450365
3162457502
3161953968
3162373499
3162438571
3162274346
3162207684
3162540831
3162791048
3162330142
3162676176
3162348879
3162434519
3162321606
3162349666
3162231034
3162815583
3162463240
3162394445
3162299866
3162333076
3162357580
3162297214
3162798638
3162377819
3161975028
3162552216
3162847153
3162760463
3161961542
3162399654
3162371390
3162236739
3162475502
3161959860
3162869557
3162747186
3162467717
3162490841
3162407009
3162445786
3162460963
3162821961
3162854436
3162834050
3162320162
3162701185
3161936047
3162548234
3162711814
3162238504
3162715215
3162519684
3162863010
3162729536
3162389853
3162454926
3162384105
3162851433
3162331903
3162258383
3162275558
3162395441
3162676036
3162511451
3162576254
3162889394
3162389768
3162656983
3162279131
3161991864
3161932151
3161911747
3162555899
3162069920
3162563536
3162581188
3162273380
3162121681
3162659121
3162704860
3162272968
3162813498
3162857013
3162374765
3162528373
3162348998
3162866192
3162393485
3162125121
3162511108
3162407045
3162737097
3162411420
3162787668
3162705927
3162398466
3162325666
3162356625
3162661232
3161958484
3162388388
3162228880
3162502710
3162386398
3162758389
3162283713
3162899365
3162691577
3162722720
3161945639
3162716927
3162482618
3162250587
3162377069
3162418832
3162354176
3162661089
3162254586
3162501831
3161979398
3162127901
3162355681
3162765149
3162789989
3162480621
3162079411
3162062923
3162513527
3162462477
3162060613
3162796736
3162329266
3162366916
3162405121
3162695165
3162520018
3162667226
3162559531
3162370224
3162396338
3162502810
3162846179
3161990413
3162814291
3162125933
3162358182
3162516802
3162407932
3162274402
3162518077
3162522826
3161980528
3162793505
3162790512
3162876062
3162438026
3161971780
3162896453
3162282791
3162298559
3162313982
3162733454
3162083794
3162842703
3162372904
3161967614
3162349813
3162548398
3162292650
3162686654
3162804346
3162506686
3162293846
3162501263
3162836738
3162444548
3162577542
3162502156
3162118625
3162767711
3162310453
3162381572
3162353983
3162233352
3162128391
3162805420
3162871646
3162832252
3162222030
3162287636
3162433382
3162749745
3162847539
3162567395
3162270689
3162542063
3162679945
3162288592
3162503043
3162895554
3162274796
3162251051
3162813559
3162655961
3162377038
3161983920
3162725958
3162377290
3162427959
3162818160
3162288605
3162691959
3162675064
3162479901
3162319564
3162721414
3162444146
3162428921
3162224880
3162370352
3162419817
3162111016
3162858559
3162326260
3162205723
3162843812
3162548842
3162664978
3162237661
3162841230
3162413718
3162527873
3162686697
3162064951
3162525698
3162574525
3162570626
3162431454
3161940830
3162744834
3162563731
3162814677
3162896584
3162738791
3162756814
3162231493
3162591991
3162128132
3161980060
3162889178
3162526394
3162426083
3162412066
3162263025
3161986595
3162723821
3162299503
3162433972
3162263040
3162896690
3162358994
3162088726
3162238964
3162110424
3162889560
3161937591
3162500253
3162733536
3161939516
3162559754
3162364684
3162227833
3161991126
3162595295
3162366711
3162275857
3162119438
3162724363
3162330001
3162593758
3162228356
3162784796
3162323448
3162682573
3162134396
3162882920
3162822803
3162865359
3162258662
3162901474
3162562424
3162704877
3162218123
3162799995
3162283689
3162744399
3161922859
3162860977
3162360223
3162699649
3162455695
3162772381
3162507987
3162498866
3162438490
3162553523
3162409740
3162259104
3162564569
3162577839
3162336250
3161912961
3162272172
3162493078
3162284178
3162085553
3162459124
3162111204
3162205005
3162222539
3162386556
3162403412
3162541048
3162574881
3162382092
3162522806
3162654549
3162737708
3162693533
3162069396
3162221047
3162656636
3162782133
3162079026
3162873696
3162852884
3162510085
3162436929
3161931792
3162569132
3162667148
3161923743
3162527260
3162660269
3162835724
3162454804
3162492441
3162078533
3161935567
3162775880
3162846413
3162747593
3162322407
3162851976
3162704717
3162830338
3162630302
3162072011
3162859135
3162748775
3162802000
3162339463
3162487557
3162818372
3162462563
3162416472
3162683104
3162663627
3162128873
3162886859
3162467974
3162211145
3162712633
3162296706
3162845571
3162113090
3162658485
3162392031
3162082622
3162382741
3162311286
3162572782
3161976157
3162510069
3162294710
3162498455
3162558678
3162121075
3162503932
3162565468
3162370072
3162711737
3162403003
3162867444
3162821011
3162853350
3162250387
3162434140
3162526566
3162836082
3162279962
3162541980
3162406367
3162132675
3162750490
3162764435
3162071733
3162549000
3161903904
3161960621
3162444929
3162322725
3162814807
3162797572
3162332114
3162251901
3162243748
3162700044
3162074403
3162362599
3162662464
3162293713
3162732373
3162240134
3162822648
3162881760
3162504035
3162418590
3162084703
3162200996
3162379213
3162202219
3162893788
3162340153
3162878587
3162393488
3162480160
3161985555
3161937827
3162801949
3162805422
3162412025
3162530480
3162532018
3162694372
3162267196
3162211182
3161969605
3162655120
3162358397
3162699995
3162767213
3162731429
3161969913
3162363542
3162780289
3162246349
3162692319
3162424629
3162749631
3161986146
3162394508
3162804481
3162796117
3162857603
3162742420
3162127157
3162706222
3161922913
3162827334
3162730904
3162490951
3162584294
3162527797
3162741049
3162271824
3162474146
3162325954
3162795361
3162413597
3162389284
3162711565
3162364975
3162574092
3162365499
3162316360
3162407378
3161977548
3162764324
3162750965
3162808286
3161959847
3162276582
3162683509
3162363055
3162389619
3162743487
3162841072
3162885704
3162456560
3162902070
3162898691
3162366782
3162684018
3162443823
3162322228
3162864322
